1916
1908
1912
1910
1915
1914
1922
1921
1925
1926
1932
1932
1937
1938
1940
1941
1941
1943
1945
1945
1948
1948
1947
1950
1951
1948
1950
1954
1947
1954
1949
1952
1948
1951
1947
1949
1948
1950
1946
1949
1948
1948
1948
1947
1947
1946
1943
1946
1944
1942
1941
1943
1940
1943
1946
1939
1944
1941
1942
1935
1942
1936
1941
1937
1940
1937
1941
1939
1941
1941
1941
1941
1942
1942
1942
1943
1944
1943
1946
1946
1947
1948
1947
1951
1949
1950
1948
1952
1947
1951
1948
1952
1949
1954
1949
1954
1954
1955
1952
1957
1954
1956
1957
1956
1955
1954
1954
1954
1955
1953
1959
1954
1957
1954
1958
1953
1959
1956
1957
1953
1958
1956
1958
1956
1959
1959
1959
1957
1960
1959
1958
1957
1958
1954
1955
1951
1952
1951
1952
1953
1948
1951
1946
1950
1944
1949
1942
1946
1940
1944
1940
1944
1939
1940
1941
1940
1940
1939
1938
1939
1938
1940
1940
1938
1940
1941
1940
1943
1950
1946
1953
1952
1960
1960
1970
1970
1980
1985
1996
2002
2014
2024
2037
2046
2057
2069
2083
2097
2111
2127
2140
2157
2174
2189
2206
2227
2240
2260
2274
2293
2306
2325
2335
2352
2363
2380
2391
2404
2414
2431
2438
2450
2456
2463
2469
2476
2480
2484
2484
2486
2485
2483
2481
2477
2475
2468
2468
2456
2452
2439
2433
2420
2416
2401
2395
2382
2371
2358
2346
2333
2320
2306
2291
2278
2264
2250
2238
2224
2212
2197
2184
2172
2160
2152
2137
2129
2115
2108
2095
2088
2076
2074
2059
2058
2049
2045
2036
2035
2026
2024
2019
2017
2013
2011
2011
2010
2011
2010
2012
2012
2013
2014
2022
2019
2024
2023
2028
2027
2031
2031
2040
2037
2044
2044
2052
2051
2056
2057
2061
2061
2064
2064
2067
2068
2067
2069
2067
2067
2066
2065
2060
2065
2059
2059
2053
2054
2046
2048
2041
2040
2034
2033
2024
2025
2019
2016
2010
2010
2003
1999
1995
1991
1986
1984
1980
1976
1972
1970
1968
1963
1965
1958
1959
1950
1952
1948
1951
1944
1947
1941
1943
1943
1945
1945
1948
1947
1948
1947
1948
1949
1948
1952
1956
1956
1956
1956
1959
1959
1964
1967
1965
1970
1968
1972
1968
1974
1970
1975
1972
1977
1973
1979
1976
1979
1978
1979
1979
1979
1979
1977
1978
1976
1974
1975
1974
1974
1979
1973
1976
1971
1973
1969
1972
1966
1970
1965
1966
1962
1962
1959
1959
1956
1956
1955
1955
1952
1951
1950
1947
1947
1946
1943
1943
1941
1939
1944
1938
1940
1936
1939
1933
1936
1932
1937
1931
1934
1931
1932
1932
1931
1929
1931
1929
1930
1929
1929
1926
1928
1925
1927
1925
1925
1926
1927
1932
1927
1932
1925
1932
1928
1932
1928
1933
1928
1931
1927
1932
1931
1933
1932
1933
1935
1936
1933
1935
1932
1935
1934
1932
1933
1935
1934
1935
1938
1934
1936
1935
1938
1933
1937
1936
1939
1935
1938
1936
1940
1939
1941
1938
1942
1939
1939
1939
1938
1940
1938
1940
1940
1941
1942
1942
1942
1948
1942
1945
1945
1949
1945
1948
1945
1948
1945
1949
1944
1949
1949
1951
1949
1952
1950
1952
1952
1951
1953
1953
1951
1952
1953
1952
1958
1954
1957
1954
1958
1951
1957
1954
1956
1954
1957
1956
1957
1955
1956
1957
1958
1957
1958
1959
1957
1956
1958
1958
1957
1956
1956
1957
1957
1960
1953
1958
1953
1958
1951
1955
1950
1954
1951
1953
1948
1951
1951
1952
1950
1951
1951
1951
1950
1951
1951
1952
1951
1951
1951
1950
1951
1953
1957
1951
1954
1952
1954
1950
1953
1949
1953
1951
1952
1950
1953
1952
1951
1952
1953
1952
1952
1952
1955
1955
1954
1957
1959
1962
1964
1968
1970
1979
1981
1987
1990
1999
2000
2012
2019
2029
2038
2050
2060
2076
2087
2105
2116
2132
2145
2162
2176
2192
2209
2224
2238
2257
2271
2288
2305
2318
2339
2348
2365
2373
2392
2398
2413
2420
2431
2438
2449
2455
2462
2468
2475
2476
2478
2480
2481
2480
2478
2473
2470
2465
2458
2453
2443
2439
2425
2416
2403
2396
2382
2373
2360
2351
2332
2323
2308
2294
2280
2268
2252
2239
2225
2210
2195
2183
2169
2157
2144
2131
2120
2110
2098
2087
2083
2067
2062
2051
2045
2036
2033
2022
2021
2014
2011
2007
2006
2003
2000
2001
2000
1998
1997
1994
1996
1997
1997
2000
2002
2004
2006
2009
2011
2020
2018
2023
2024
2029
2029
2036
2033
2042
2040
2047
2046
2053
2054
2055
2056
2057
2056
2057
2057
2055
2055
2054
2053
2050
2049
2045
2045
2042
2046
2037
2036
2029
2033
2025
2023
2018
2019
2011
2012
2005
2004
2002
2000
1994
1993
1990
1987
1985
1984
1980
1977
1978
1976
1975
1973
1977
1970
1972
1968
1971
1970
1973
1968
1973
1970
1973
1971
1975
1975
1978
1979
1983
1982
1983
1982
1986
1985
1988
1990
1989
1992
1992
1994
1995
2001
1996
2000
1998
2002
2000
2004
1998
2003
2001
2006
2002
2007
2006
2008
2007
2005
2006
2006
2005
2005
2004
2004
2001
2003
2002
1999
1999
1997
2000
1994
1993
1988
1992
1987
1988
1984
1983
1978
1980
1975
1978
1974
1973
1969
1970
1964
1964
1962
1958
1954
1955
1953
1952
1952
1949
1948
1946
1952
1942
1946
1939
1942
1938
1941
1937
1940
1937
1940
1939
1941
1940
1940
1939
1941
1937
1940
1938
1940
1937
1938
1940
1938
1940
1938
1942
1938
1942
1936
1940
1935
1939
1935
1940
1937
1940
1938
1943
1941
1945
1942
1947
1946
1947
1948
1949
1949
1950
1951
1954
1953
1954
1957
1957
1962
1957
1960
1957
1962
1958
1962
1960
1964
1963
1966
1962
1969
1965
1967
1968
1969
1967
1971
1968
1969
1969
1971
1972
1972
1973
1976
1975
1976
1980
1975
1975
1973
1977
1975
1976
1971
1974
1972
1973
1970
1973
1973
1975
1972
1974
1971
1971
1970
1973
1969
1969
1970
1969
1969
1969
1969
1968
1973
1967
1970
1967
1970
1966
1969
1966
1969
1965
1969
1965
1968
1966
1968
1966
1967
1965
1966
1964
1965
1963
1962
1963
1962
1963
1963
1967
1961
1963
1959
1962
1958
1962
1959
1964
1959
1963
1961
1965
1964
1969
1971
1974
1974
1980
1984
1990
1993
2001
2008
2016
2024
2035
2042
2053
2070
2074
2091
2099
2116
2125
2143
2154
2171
2184
2203
2216
2234
2248
2264
2281
2296
2310
2324
2338
2354
2367
2377
2390
2402
2409
2418
2427
2431
2442
2446
2450
2451
2458
2455
2460
2455
2456
2449
2449
2440
2436
2428
2422
2412
2406
2397
2385
2375
2363
2353
2340
2327
2316
2301
2288
2276
2262
2252
2233
2224
2205
2194
2179
2168
2151
2144
2128
2120
2105
2098
2084
2079
2065
2059
2049
2043
2032
2025
2018
2011
2008
2004
1997
1993
1991
1988
1991
1985
1987
1980
1982
1978
1982
1979
1981
1979
1982
1982
1988
1990
1992
1992
1996
1996
2001
2001
2004
2005
2009
2009
2013
2012
2016
2021
2017
2021
2016
2021
2018
2023
2020
2021
2018
2021
2018
2021
2016
2017
2018
2017
2013
2014
2011
2011
2011
2007
2004
2004
2001
2001
1999
1997
2001
1995
1996
1992
1994
1988
1991
1987
1991
1985
1988
1984
1988
1989
1990
1989
1990
1989
1992
1992
1995
1995
1996
1997
1998
1999
2001
2003
2005
2010
2008
2012
2009
2012
2010
2012
2012
2018
2016
2021
2018
2022
2021
2023
2021
2023
2020
2020
2020
2019
2015
2017
2018
2013
2013
2010
2011
2008
2012
2004
2005
2000
2001
1996
1997
1993
1996
1990
1990
1985
1987
1984
1983
1981
1979
1976
1974
1971
1969
1968
1965
1964
1962
1958
1957
1960
1953
1954
1949
1952
1944
1949
1944
1947
1942
1945
1940
1943
1941
1941
1941
1939
1939
1938
1938
1937
1935
1935
1936
1935
1933
1933
1934
1934
1938
1932
1936
1932
1936
1933
1937
1933
1937
1933
1939
1937
1940
1939
1939
1938
1943
1940
1943
1941
1943
1944
1945
1945
1945
1947
1946
1947
1948
1955
1947
1952
1947
1951
1949
1950
1948
1954
1951
1953
1951
1952
1954
1956
1955
1956
1955
1954
1952
1958
1954
1957
1957
1961
1961
1963
1962
1961
1967
1963
1967
1964
1968
1965
1970
1965
1973
1966
1970
1965
1969
1968
1968
1968
1968
1967
1968
1965
1968
1969
1966
1969
1968
1966
1967
1971
1965
1967
1965
1966
1963
1967
1963
1967
1963
1968
1965
1968
1963
1967
1965
1966
1964
1965
1965
1967
1966
1965
1965
1966
1966
1966
1967
1967
1970
1965
1967
1961
1966
1960
1964
1960
1961
1957
1961
1955
1958
1958
1957
1957
1957
1955
1955
1954
1955
1953
1955
1955
1954
1954
1953
1953
1954
1958
1953
1959
1954
1961
1957
1965
1962
1967
1967
1974
1976
1984
1989
1994
2000
2009
2015
2025
2034
2045
2055
2069
2080
2093
2106
2122
2137
2153
2174
2185
2205
2219
2236
2250
2271
2284
2302
2316
2334
2348
2365
2378
2393
2402
2415
2425
2437
2445
2454
2463
2469
2477
2478
2483
2484
2489
2485
2488
2482
2483
2477
2475
2464
2461
2452
2445
2435
2428
2413
2407
2397
2387
2372
2362
2347
2335
2321
2308
2296
2282
2268
2254
2242
2227
2220
2200
2192
2176
2167
2151
2144
2130
2123
2109
2103
2092
2087
2077
2071
2063
2058
2051
2045
2041
2037
2034
2030
2027
2025
2023
2022
2019
2022
2024
2020
2024
2018
2023
2023
2026
2025
2031
2030
2038
2036
2044
2044
2050
2051
2054
2054
2059
2060
2063
2064
2066
2067
2068
2072
2072
2071
2069
2077
2070
2073
2070
2073
2068
2070
2067
2068
2063
2062
2059
2060
2057
2052
2047
2047
2040
2040
2035
2033
2028
2027
2024
2020
2015
2013
2013
2008
2010
2003
2005
1998
2001
1995
1996
1992
1993
1989
1992
1985
1988
1987
1986
1984
1985
1982
1982
1982
1979
1979
1980
1979
1981
1980
1982
1981
1983
1985
1985
1988
1985
1990
1988
1992
1989
1994
1992
1997
1994
1999
2000
2002
1998
2001
2001
2000
2002
2001
2004
2002
2003
2003
2002
2002
2005
1997
2001
1995
1998
1993
1995
1989
1992
1987
1990
1984
1985
1980
1983
1979
1979
1976
1972
1972
1969
1965
1966
1961
1960
1958
1958
1955
1954
1957
1949
1951
1944
1947
1941
1946
1937
1941
1937
1939
1935
1938
1934
1936
1937
1936
1935
1934
1933
1933
1933
1933
1932
1932
1930
1929
1930
1931
1935
1928
1933
1932
1933
1931
1936
1933
1936
1935
1940
1936
1940
1939
1942
1941
1948
1944
1947
1945
1947
1947
1950
1949
1949
1948
1950
1950
1950
1956
1949
1953
1948
1952
1947
1951
1947
1953
1947
1951
1950
1952
1950
1953
1952
1953
1952
1953
1952
1952
1951
1951
1951
1951
1951
1950
1951
1950
1956
1950
1953
1948
1954
1949
1952
1950
1952
1950
1951
1951
1952
1952
1953
1954
1954
1954
1954
1952
1954
1953
1952
1952
1956
1954
1955
1955
1953
1960
1956
1957
1955
1961
1956
1960
1958
1961
1960
1962
1960
1961
1962
1965
1962
1963
1962
1964
1962
1963
1962
1964
1960
1964
1962
1962
1966
1961
1961
1958
1963
1957
1962
1958
1960
1958
1962
1956
1961
1956
1961
1961
1961
1962
1962
1963
1961
1959
1963
1961
1962
1961
1963
1960
1961
1964
1961
1962
1957
1963
1956
1961
1957
1961
1956
1959
1953
1959
1956
1958
1956
1958
1954
1956
1953
1954
1951
1950
1952
1950
1951
1950
1950
1951
1954
1948
1952
1946
1950
1947
1950
1943
1948
1945
1947
1945
1949
1947
1949
1949
1951
1952
1955
1952
1959
1962
1966
1967
1974
1977
1984
1989
1997
2012
2014
2027
2032
2049
2057
2074
2084
2101
2113
2130
2141
2161
2175
2192
2206
2225
2238
2255
2271
2288
2304
2318
2334
2350
2364
2377
2395
2404
2417
2425
2437
2444
2456
2462
2470
2475
2482
2483
2486
2486
2490
2490
2491
2488
2484
2478
2473
2468
2464
2454
2447
2439
2428
2417
2406
2399
2382
2372
2355
2346
2328
2317
2301
2290
2274
2264
2248
2237
2224
2214
2199
2191
2175
2165
2154
2143
2131
2122
2112
2103
2094
2088
2079
2074
2072
2061
2061
2050
2050
2043
2043
2037
2037
2034
2033
2033
2034
2033
2034
2034
2034
2036
2039
2037
2041
2044
2049
2050
2057
2059
2062
2067
2069
2079
2076
2083
2080
2086
2084
2091
2089
2096
2094
2099
2096
2100
2101
2100
2101
2101
2097
2096
2097
2093
2093
2092
2084
2087
2081
2078
2074
2071
2072
2063
2063
2055
2053
2047
2046
2040
2038
2030
2030
2022
2023
2016
2015
2010
2006
2002
1999
1998
1993
1991
1989
1987
1984
1984
1982
1984
1978
1978
1971
1975
1972
1973
1970
1973
1972
1972
1971
1973
1969
1976
1974
1977
1979
1979
1978
1980
1978
1982
1981
1980
1985
1984
1986
1988
1995
1990
1992
1990
1995
1992
1996
1991
1996
1994
1998
1995
1999
1997
1999
1999
1998
1994
1996
1994
1995
1993
1994
1993
1992
1992
1992
1992
1989
1994
1987
1987
1985
1986
1982
1984
1979
1980
1977
1978
1974
1975
1973
1971
1969
1970
1966
1968
1966
1964
1961
1962
1959
1958
1957
1953
1951
1951
1955
1948
1948
1943
1946
1943
1945
1942
1944
1941
1942
1940
1941
1941
1940
1939
1941
1938
1939
1937
1939
1936
1938
1937
1938
1939
1940
1939
1940
1943
1936
1943
1938
1942
1937
1942
1937
1940
1941
1943
1943
1946
1945
1947
1945
1948
1948
1949
1947
1949
1950
1949
1948
1952
1951
1952
1957
1952
1957
1953
1956
1951
1958
1953
1955
1956
1958
1955
1958
1955
1957
1958
1960
1957
1959
1957
1958
1960
1957
1959
1960
1960
1960
1960
1958
1961
1956
1957
1954
1959
1956
1960
1957
1959
1956
1959
1956
1960
1960
1962
1961
1964
1960
1962
1962
1965
1963
1965
1963
1964
1964
1964
1964
1965
1970
1964
1970
1965
1968
1964
1965
1964
1966
1965
1969
1965
1967
1968
1967
1964
1964
1964
1962
1963
1963
1961
1960
1959
1956
1957
1958
1956
1957
1961
1955
1956
1954
1956
1951
1958
1955
1959
1954
1957
1952
1959
1956
1956
1956
1956
1956
1956
1954
1956
1954
1953
1953
1953
1953
1952
1956
1948
1952
1948
1951
1950
1954
1951
1953
1948
1953
1948
1955
1951
1957
1956
1957
1954
1955
1953
1956
1954
1955
1954
1954
1953
1952
1953
1951
1957
1953
1956
1953
1955
1950
1951
1949
1952
1950
1955
1950
1954
1952
1953
1953
1956
1953
1956
1957
1958
1956
1959
1961
1964
1967
1969
1975
1980
1986
1986
1994
1997
2008
2013
2026
2030
2046
2051
2065
2071
2090
2102
2117
2128
2146
2159
2173
2187
2205
2219
2236
2250
2265
2282
2296
2312
2324
2346
2352
2369
2379
2394
2400
2413
2417
2428
2433
2443
2447
2454
2459
2463
2464
2466
2464
2464
2461
2459
2456
2450
2444
2440
2430
2424
2419
2405
2401
2385
2381
2365
2358
2342
2332
2319
2309
2293
2281
2267
2254
2242
2229
2215
2204
2190
2178
2165
2156
2144
2136
2125
2115
2108
2097
2094
2081
2076
2064
2061
2050
2049
2040
2040
2034
2033
2025
2028
2026
2025
2021
2022
2021
2023
2019
2023
2024
2026
2025
2028
2031
2032
2036
2037
2044
2042
2049
2046
2054
2054
2061
2059
2065
2063
2068
2069
2074
2077
2080
2081
2081
2083
2083
2082
2085
2084
2083
2083
2080
2081
2078
2079
2078
2079
2072
2070
2065
2064
2061
2061
2055
2056
2052
2048
2043
2043
2039
2037
2033
2030
2025
2023
2017
2017
2014
2010
2009
2007
2005
2002
2004
1997
1999
1994
1995
1991
1994
1990
1992
1991
1990
1988
1990
1986
1992
1990
1991
1989
1989
1987
1988
1990
1991
1992
1994
1994
1993
1995
1995
2002
1996
2000
1996
2002
1998
2001
1999
2001
1999
2004
2001
2003
2003
2005
2001
2003
2003
2005
2005
2007
2004
2006
2004
2002
2004
2003
2002
2001
2005
2000
2003
1996
1998
1995
1998
1995
1995
1991
1993
1989
1991
1988
1989
1987
1986
1984
1981
1980
1979
1975
1977
1975
1973
1975
1973
1970
1969
1973
1964
1969
1964
1965
1962
1964
1958
1960
1957
1959
1956
1955
1954
1954
1954
1952
1950
1949
1947
1949
1946
1948
1946
1949
1947
1948
1953
1948
1950
1947
1949
1946
1951
1944
1951
1947
1950
1948
1950
1948
1952
1953
1952
1949
1952
1951
1953
1950
1951
1952
1953
1952
1953
1952
1953
1953
1955
1959
1955
1958
1954
1961
1957
1962
1959
1964
1960
1964
1962
1965
1965
1968
1966
1967
1966
1965
1965
1966
1965
1965
1966
1965
1965
1967
1969
1964
1966
1965
1967
1963
1967
1964
1967
1962
1967
1963
1965
1963
1968
1963
1964
1964
1962
1964
1965
1963
1965
1967
1965
1964
1965
1965
1965
1969
1964
1967
1964
1966
1963
1966
1962
1967
1963
1968
1963
1968
1966
1969
1968
1968
1966
1969
1966
1968
1970
1968
1968
1970
1969
1969
1970
1966
1972
1967
1969
1965
1970
1963
1967
1967
1969
1964
1970
1965
1969
1967
1969
1968
1969
1966
1966
1965
1964
1965
1965
1964
1964
1963
1963
1961
1962
1965
1961
1964
1961
1961
1958
1960
1955
1961
1955
1961
1955
1959
1956
1959
1956
1958
1957
1957
1956
1958
1958
1959
1958
1960
1961
1964
1969
1967
1973
1972
1980
1982
1990
1994
2003
2007
2018
2023
2036
2042
2057
2064
2077
2087
2100
2110
2127
2140
2153
2167
2181
2195
2209
2225
2237
2255
2265
2281
2292
2307
2317
2332
2337
2353
2362
2372
2380
2390
2398
2404
2409
2414
2418
2421
2420
2424
2423
2422
2422
2420
2417
2413
2408
2402
2400
2387
2383
2372
2366
2352
2346
2333
2325
2312
2302
2289
2281
2269
2256
2244
2231
2218
2207
2195
2181
2170
2159
2148
2135
2125
2113
2103
2094
2087
2073
2067
2054
2052
2042
2036
2027
2026
2016
2014
2007
2006
2000
2001
1998
1998
1995
1995
1992
1991
1990
1991
1992
1990
1993
1993
1999
1993
1999
1997
2005
2002
2007
2008
2014
2011
2016
2018
2021
2021
2026
2028
2030
2031
2032
2035
2036
2036
2037
2038
2038
2036
2038
2035
2036
2038
2033
2036
2034
2034
2031
2032
2028
2031
2029
2031
2027
2028
2024
2027
2027
2026
2024
2028
2024
2024
2024
2021
2022
2021
2021
2020
2023
2023
2026
2022
2026
2022
2027
2024
2029
2026
2030
2028
2032
2029
2032
2034
2036
2036
2039
2037
2040
2041
2039
2037
2040
2040
2041
2042
2041
2040
2039
2042
2038
2042
2037
2041
2034
2036
2029
2031
2027
2031
2026
2027
2025
2023
2024
2021
2020
2017
2018
2016
2013
2012
2010
2007
2006
2005
2000
1998
2000
1994
1995
1991
1989
1985
1987
1983
1984
1978
1982
1975
1978
1976
1975
1973
1972
1970
1971
1967
1964
1963
1962
1961
1960
1961
1959
1963
1956
1960
1954
1957
1952
1956
1952
1956
1952
1954
1952
1954
1950
1953
1955
1955
1953
1955
1952
1953
1952
1955
1952
1952
1954
1952
1954
1952
1958
1952
1955
1951
1956
1953
1957
1954
1956
1954
1958
1955
1959
1960
1959
1959
1960
1957
1960
1959
1961
1960
1961
1957
1960
1962
1960
1962
1964
1967
1964
1967
1961
1967
1963
1968
1967
1970
1965
1969
1968
1970
1968
1970
1971
1972
1972
1971
1971
1972
1972
1973
1972
1972
1973
1976
1974
1974
1980
1973
1977
1975
1980
1975
1981
1976
1981
1977
1982
1980
1983
1981
1984
1984
1984
1983
1983
1985
1984
1984
1984
1983
1985
1981
1981
1983
1980
1985
1979
1979
1976
1978
1973
1976
1974
1974
1971
1977
1971
1974
1973
1973
1970
1971
1970
1971
1970
1970
1968
1970
1966
1967
1967
1968
1972
1963
1969
1964
1967
1964
1969
1966
1970
1966
1973
1970
1973
1972
1976
1979
1984
1986
1991
1997
2002
2007
2017
2021
2032
2040
2053
2060
2073
2088
2095
2112
2119
2139
2149
2166
2180
2198
2209
2227
2240
2259
2271
2289
2302
2318
2332
2346
2359
2372
2385
2394
2408
2416
2427
2435
2442
2449
2461
2462
2468
2468
2472
2469
2474
2469
2470
2466
2467
2458
2457
2448
2441
2431
2423
2413
2405
2393
2381
2373
2359
2349
2336
2321
2309
2296
2282
2273
2257
2248
2232
2224
2205
2197
2181
2172
2157
2148
2133
2127
2116
2107
2098
2092
2081
2075
2067
2060
2057
2050
2045
2038
2038
2030
2026
2024
2026
2020
2021
2017
2017
2016
2017
2015
2018
2017
2020
2021
2025
2027
2029
2030
2035
2035
2037
2039
2043
2044
2046
2050
2048
2050
2052
2055
2054
2060
2055
2057
2055
2058
2053
2056
2053
2056
2051
2053
2050
2052
2048
2051
2046
2047
2045
2045
2041
2040
2039
2038
2036
2035
2033
2030
2033
2025
2028
2024
2026
2022
2025
2018
2021
2017
2020
2015
2019
2014
2017
2016
2016
2014
2016
2016
2017
2018
2015
2018
2021
2020
2019
2023
2023
2028
2022
2027
2024
2025
2024
2027
2025
2029
2025
2029
2027
2030
2031
2033
2032
2035
2032
2036
2035
2034
2034
2033
2029
2029
2028
2027
2026
2024
2028
2020
2023
2016
2019
2014
2016
2009
2013
2007
2008
2003
2003
2000
1999
1996
1996
1994
1989
1987
1987
1984
1981
1979
1977
1973
1972
1969
1967
1968
1961
1962
1956
1957
1953
1957
1951
1953
1947
1949
1944
1947
1944
1945
1942
1940
1941
1937
1936
1936
1936
1936
1936
1934
1935
1936
1938
1934
1940
1937
1941
1935
1940
1938
1942
1942
1946
1945
1947
1943
1949
1949
1949
1949
1953
1949
1953
1952
1952
1954
1955
1955
1957
1961
1960
1965
1962
1965
1962
1966
1964
1969
1965
1968
1965
1971
1968
1972
1970
1973
1968
1973
1972
1973
1972
1971
1973
1972
1973
1972
1975
1974
1975
1975
1978
1973
1976
1973
1976
1973
1976
1972
1975
1973
1974
1974
1976
1976
1977
1975
1977
1975
1975
1973
1974
1971
1973
1972
1970
1970
1972
1971
1972
1975
1971
1973
1969
1973
1968
1973
1969
1973
1968
1971
1968
1972
1970
1974
1972
1971
1969
1970
1969
1969
1970
1969
1968
1969
1969
1969
1968
1967
1968
1965
1966
1962
1964
1962
1963
1958
1963
1958
1962
1959
1962
1961
1961
1957
1958
1957
1957
1956
1956
1955
1954
1953
1955
1955
1951
1956
1951
1953
1947
1951
1946
1949
1946
1952
1950
1953
1950
1954
1955
1960
1962
1967
1968
1974
1979
1984
1989
1998
2003
2013
2020
2032
2040
2054
2067
2075
2091
2098
2117
2126
2143
2155
2178
2187
2208
2220
2239
2257
2273
2289
2306
2320
2337
2349
2365
2376
2390
2404
2415
2426
2437
2446
2457
2469
2468
2481
2480
2487
2488
2494
2490
2497
2490
2491
2486
2484
2478
2475
2467
2461
2452
2440
2433
2422
2412
2399
2388
2377
2364
2351
2338
2327
2318
2301
2292
2274
2265
2248
2239
2222
2215
2198
2192
2178
2169
2156
2145
2135
2126
2118
2111
2102
2096
2087
2080
2073
2069
2062
2057
2057
2047
2048
2040
2042
2036
2037
2034
2038
2034
2039
2037
2040
2041
2044
2046
2049
2050
2055
2057
2061
2061
2067
2070
2075
2078
2080
2086
2087
2096
2093
2100
2097
2104
2103
2106
2103
2107
2101
2106
2103
2105
2102
2104
2098
2100
2095
2094
2091
2088
2083
2083
2078
2074
2070
2066
2061
2059
2056
2047
2048
2038
2037
2028
2028
2021
2018
2013
2013
2005
2004
2001
1998
1993
1992
1987
1986
1983
1982
1981
1976
1978
1978
1975
1976
1976
1977
1981
1976
1979
1976
1979
1977
1982
1981
1983
1984
1986
1983
1988
1989
1989
1991
1994
1991
1993
1991
1993
1992
1995
1995
1996
1997
1998
1998
1997
2000
1996
1999
1993
1997
1991
1995
1992
1995
1990
1994
1992
1995
1990
1992
1989
1989
1986
1985
1983
1985
1982
1980
1980
1981
1980
1976
1976
1974
1978
1966
1970
1963
1966
1961
1965
1957
1961
1956
1958
1954
1955
1953
1953
1950
1949
1947
1944
1942
1940
1939
1938
1937
1936
1937
1934
1936
1930
1932
1930
1930
1927
1932
1927
1931
1928
1932
1928
1931
1928
1931
1931
1931
1929
1931
1929
1930
1931
1930
1931
1934
1933
1934
1935
1937
1939
1935
1938
1935
1938
1935
1938
1937
1939
1936
1940
1936
1941
1938
1940
1940
1941
1939
1943
1942
1943
1943
1943
1942
1942
1944
1942
1946
1946
1951
1946
1949
1945
1951
1947
1950
1948
1950
1948
1951
1948
1950
1952
1952
1949
1951
1951
1950
1948
1949
1946
1946
1945
1944
1944
1944
1942
1941
1946
1939
1941
1939
1944
1938
1943
1938
1943
1940
1941
1938
1943
