-0.000000 
-0.000174 
-0.000678 
-0.001538 
-0.002684 
-0.004211 
-0.005891 
-0.008049 
-0.010359 
-0.013065 
-0.015774 
-0.019089 
-0.022291 
-0.026056 
-0.029995 
-0.034295 
-0.039019 
-0.043711 
-0.048622 
-0.054177 
-0.059323 
-0.065399 
-0.072067 
-0.077829 
-0.084404 
-0.092691 
-0.099450 
-0.105535 
-0.116727 
-0.121745 
-0.132934 
-0.140244 
-0.151848 
-0.159562 
-0.172093 
-0.180928 
-0.192171 
-0.201382 
-0.215807 
-0.224628 
-0.237232 
-0.249241 
-0.261542 
-0.275225 
-0.288171 
-0.302610 
-0.319932 
-0.330088 
-0.346992 
-0.364420 
-0.380907 
-0.393231 
-0.413566 
-0.424657 
-0.435679 
-0.464410 
-0.472214 
-0.494953 
-0.510480 
-0.542558 
-0.546273 
-0.577749 
-0.585525 
-0.613889 
-0.626289 
-0.653455 
-0.663454 
-0.688972 
-0.704233 
-0.725073 
-0.746223 
-0.767681 
-0.786385 
-0.808360 
-0.830635 
-0.849903 
-0.869293 
-0.895781 
-0.908443 
-0.931856 
-0.951803 
-0.971863 
-0.999923 
-1.008231 
-1.040933 
-1.061581 
-1.095368 
-1.103155 
-1.151379 
-1.159037 
-1.199467 
-1.206762 
-1.248304 
-1.250131 
-1.303075 
-1.304383 
-1.331942 
-1.354251 
-1.399193 
-1.399053 
-1.445021 
-1.462025 
-1.484950 
-1.520381 
-1.556337 
-1.592821 
-1.623232 
-1.653935 
-1.678076 
-1.723177 
-1.712231 
-1.779602 
-1.789641 
-1.844148 
-1.846328 
-1.917600 
-1.903613 
-1.960592 
-1.985986 
-2.052936 
-2.045232 
-2.096545 
-2.113776 
-2.166223 
-2.174409 
-2.209517 
-2.244897 
-2.299490 
-2.306886 
-2.352718 
-2.399126 
-2.446126 
-2.473259 
-2.552248 
-2.580104 
-2.661373 
-2.689953 
-2.740516 
-2.769354 
-2.798151 
-2.895860 
-2.902251 
-3.002504 
-2.996825 
-3.111641 
-3.093213 
-3.223298 
-3.216759 
-3.337502 
-3.330521 
-3.427913 
-3.420128 
-3.533053 
-3.565768 
-3.598420 
-3.659154 
-3.706297 
-3.768171 
-3.830707 
-3.864304 
-3.927818 
-3.946457 
-3.995382 
-4.075713 
-4.094114 
-4.127992 
-4.194040 
-4.195471 
-4.129946 
-4.245850 
-4.177562 
-4.243684 
-4.154685 
-4.202850 
-4.074150 
-4.120830 
-3.986568 
-3.940087 
-3.780602 
-3.710490 
-3.524420 
-3.371851 
-3.157172 
-3.015500 
-2.830591 
-2.621130 
-2.366215 
-2.105383 
-1.838587 
-1.524028 
-1.265820 
-0.916677 
-0.560047 
-0.239400 
0.131928 
0.599767 
0.897611 
1.360086 
1.694381 
2.150821 
2.475978 
2.948824 
3.216245 
3.656904 
3.959964 
4.415586 
4.730869 
5.101631 
5.403102 
5.888049 
6.124162 
6.493822 
6.712296 
6.960459 
7.185657 
7.441079 
7.618657 
7.798550 
7.869917 
7.997532 
8.041824 
8.057451 
8.072370 
8.028604 
8.041577 
7.906313 
7.976040 
7.685791 
7.631828 
7.301095 
7.179459 
6.837339 
6.770658 
6.354325 
6.217098 
5.851788 
5.544489 
5.166002 
4.813570 
4.421474 
4.022373 
3.582428 
3.100762 
2.679552 
2.216526 
1.745717 
1.337469 
0.851516 
0.429171 
-0.108149 
-0.581380 
-1.025470 
-1.476507 
-1.785720 
-2.362088 
-2.682768 
-3.236679 
-3.530296 
-4.060147 
-4.364018 
-4.868476 
-4.984615 
-5.620270 
-5.702830 
-6.109846 
-6.318642 
-6.735380 
-6.826778 
-7.252409 
-7.389838 
-7.655575 
-7.796777 
-8.025248 
-8.169957 
-8.229032 
-8.332164 
-8.347796 
-8.451963 
-8.422570 
-8.482342 
-8.496877 
-8.510973 
-8.202074 
-8.398640 
-8.223528 
-8.327665 
-8.148392 
-8.252253 
-8.116801 
-8.172339 
-7.789874 
-7.989846 
-7.698487 
-7.750414 
-7.402379 
-7.502307 
-7.298939 
-7.296460 
-7.139365 
-7.186519 
-7.077689 
-7.124109 
-7.012495 
-7.005104 
-7.103989 
-7.042426 
-7.196042 
-7.242279 
-7.343452 
-7.445472 
-7.770338 
-7.540321 
-7.925200 
-7.975104 
-8.366648 
-8.361711 
-8.874873 
-8.814043 
-9.277053 
-9.393024 
-9.805227 
-9.924790 
-10.523594 
-10.527558 
-10.954631 
-11.203615 
-11.638763 
-11.708768 
-12.212933 
-12.535388 
-12.861015 
-13.189827 
-13.585323 
-13.793213 
-14.131288 
-14.472601 
-14.817152 
-15.034242 
-15.253081 
-15.672057 
-15.629526 
-16.187727 
-16.213337 
-16.915039 
-16.875416 
-17.245098 
-17.136387 
-17.717697 
-17.608728 
-18.127583 
-18.088335 
-18.189329 
-18.148252 
-18.248970 
-18.134071 
-18.306479 
-18.334419 
-18.508137 
-18.535784 
-18.562891 
-18.738159 
-18.540684 
-18.340231 
-18.439054 
-18.538134 
-18.637451 
-18.506636 
-18.605221 
-18.315985 
-18.178919 
-18.431786 
-18.134617 
-18.388359 
-18.165932 
-18.581139 
-18.194826 
-18.612993 
-18.302624 
-18.642406 
-18.327440 
-18.751959 
-18.349771 
-18.693806 
-18.537331 
-18.715740 
-18.725765 
-18.820305 
-18.915054 
-19.010031 
-19.278112 
-19.287498 
-19.558170 
-19.830797 
-19.840836 
-20.027454 
-20.126114 
-19.777533 
-20.414007 
-20.242653 
-20.795347 
-20.713921 
-21.181101 
-21.007088 
-21.663857 
-21.395935 
-21.965906 
-21.977062 
-22.459381 
-22.566250 
-22.959145 
-23.067822 
-23.465227 
-23.575722 
-23.783518 
-23.894932 
-24.300531 
-24.512218 
-24.725058 
-25.137768 
-25.254013 
-25.470768 
-25.890169 
-26.008978 
-26.331364 
-26.655836 
-26.264252 
-27.001925 
-26.917208 
-27.454851 
-27.265226 
-28.017443 
-27.826904 
-28.374920 
-27.969824 
-28.735283 
-28.541002 
-28.990763 
-29.010622 
-29.138512 
-29.375843 
-29.724062 
-29.633801 
-29.984438 
-30.003868 
-30.245808 
-30.376856 
-30.845892 
-30.752773 
-31.225702 
-31.131622 
-31.493938 
-31.628428 
-31.647671 
-31.666176 
-31.218004 
-31.934935 
-31.482327 
-32.440609 
-31.747608 
-32.356445 
-32.013855 
-32.627151 
-32.160618 
-32.898834 
-32.670677 
-33.293442 
-32.818356 
-33.076233 
-32.964958 
-33.223816 
-33.234978 
-33.120373 
-33.129456 
-33.641758 
-33.524811 
-34.041153 
-33.795601 
-34.059391 
-34.452995 
-34.461678 
-34.339977 
-34.606754 
-34.613552 
-34.357281 
-35.019699 
-34.893467 
-35.163460 
-34.901871 
-35.707260 
-35.309792 
-35.582264 
-35.314789 
-35.995197 
-35.725544 
-36.137386 
-35.727085 
-36.002476 
-35.863743 
-36.418110 
-35.999172 
-36.556633 
-36.695728 
-36.835045 
-37.116249 
-36.972137 
-37.397049 
-37.251228 
-37.391106 
-37.386856 
-37.381729 
-37.521179 
-37.660843 
-36.921631 
-37.940819 
-37.638317 
-37.777206 
-37.321537 
-38.055611 
-37.745785 
-38.334866 
-38.022160 
-38.614956 
-38.147396 
-39.048416 
-38.424320 
-38.563095 
-38.393688 
-38.841259 
-38.514736 
-38.964375 
-38.790783 
-38.929104 
-39.225159 
-39.048267 
-39.186626 
-39.643608 
-39.623718 
-39.602909 
-39.902954 
-39.074093 
-39.858929 
-39.510334 
-40.137489 
-39.622147 
-40.909710 
-40.062183 
-40.696941 
-40.505276 
-40.977821 
-40.617107 
-40.924042 
-40.895721 
-41.373047 
-41.344524 
-41.315044 
-41.284607 
-41.595547 
-41.564323 
-41.532131 
-42.017704 
-42.332298 
-42.126007 
-42.266891 
-42.583199 
-42.900864 
-43.043476 
-43.009281 
-43.151672 
-42.759754 
-44.152023 
-43.400620 
-44.442814 
-43.685883 
-45.096558 
-44.516987 
-45.573502 
-44.990139 
-45.686584 
-45.466408 
-46.536728 
-46.131062 
-46.279579 
-46.241833 
-46.764240 
-46.726257 
-46.875519 
-47.024960 
-47.364040 
-47.324394 
-47.474384 
-47.433289 
-47.774902 
-47.925434 
-48.076149 
-48.420719 
-48.378109 
-48.139565 
-47.507755 
-48.832401 
-48.394016 
-48.938816 
-48.694454 
-49.639156 
-49.194767 
-50.145336 
-49.497826 
-50.051643 
-50.003220 
-50.560459 
-50.106045 
-50.462006 
-50.819374 
-50.768738 
-50.717030 
-51.076153 
-51.230122 
-51.384254 
-50.915119 
-51.067730 
-51.429569 
-50.954079 
-50.685318 
-50.203281 
-49.929218 
-49.228420 
-48.948399 
-47.171902 
-46.882759 
-45.732422 
-45.220684 
-43.409492 
-43.319870 
-40.839565 
-39.433521 
-37.363239 
-35.499516 
-32.965179 
-30.856497 
-27.408947 
-25.049488 
-21.119884 
-18.728041 
-15.204245 
-12.332730 
-8.545126 
-5.412304 
-1.809234 
2.041167 
5.458542 
8.667143 
13.037432 
16.285387 
20.241499 
24.219625 
27.294550 
32.242031 
34.425537 
38.486843 
40.465179 
45.034096 
46.570206 
50.236927 
52.031277 
54.783527 
56.599026 
59.377678 
60.975288 
62.820675 
64.434959 
66.298355 
66.720665 
67.386856 
68.055847 
68.483917 
68.424728 
68.119362 
67.074448 
66.515793 
65.459297 
63.900990 
62.830235 
60.507988 
59.670616 
56.324753 
54.215405 
51.087559 
49.456482 
46.045223 
43.883709 
40.692947 
38.504910 
33.748238 
31.529581 
27.756891 
24.221830 
20.668034 
17.613520 
13.504130 
10.154346 
6.526037 
2.617157 
-1.311952 
-4.472116 
-8.175986 
-11.369971 
-14.845315 
-18.338295 
-21.316036 
-24.041618 
-27.316442 
-30.339140 
-31.492680 
-35.889915 
-37.333187 
-40.410629 
-42.143677 
-44.702732 
-45.634609 
-48.762238 
-49.158718 
-51.208553 
-52.164070 
-53.400505 
-53.810410 
-54.777905 
-55.749630 
-55.607845 
-56.025028 
-56.724510 
-57.145355 
-58.132065 
-57.708603 
-57.566063 
-57.706516 
-56.992172 
-56.559433 
-56.124031 
-55.685944 
-54.957439 
-54.513298 
-52.042591 
-52.747486 
-51.421642 
-51.253769 
-49.916939 
-50.036266 
-48.102524 
-49.099144 
-46.563568 
-47.264946 
-45.304241 
-45.708267 
-43.733692 
-43.538631 
-43.342239 
-43.144505 
-42.945431 
-43.347065 
-43.146721 
-43.247463 
-43.954544 
-44.056839 
-44.463741 
-44.872124 
-45.893902 
-46.306660 
-47.643024 
-47.752792 
-48.789001 
-47.663036 
-50.564205 
-50.990852 
-53.288773 
-52.160961 
-54.784172 
-55.536255 
-57.234699 
-57.049206 
-59.705490 
-59.523720 
-61.879257 
-62.336601 
-63.114216 
-63.894772 
-65.959030 
-66.427452 
-67.540627 
-68.658195 
-69.457092 
-69.935196 
-71.388283 
-72.521996 
-72.356392 
-73.169395 
-73.658005 
-74.476227 
-73.324562 
-75.792068 
-75.297478 
-76.785965 
-75.958427 
-76.456322 
-75.623184 
-77.456718 
-75.951691 
-77.122017 
-76.280548 
-77.118637 
-75.934799 
-76.098076 
-75.244629 
-75.066238 
-73.865311 
-74.364235 
-74.181000 
-74.681549 
-73.467102 
-73.967079 
-73.089561 
-72.553223 
-73.052704 
-72.165909 
-72.317856 
-71.773056 
-71.574554 
-69.625275 
-71.523972 
-70.268013 
-71.118690 
-69.855530 
-70.707809 
-69.437462 
-71.711372 
-70.081009 
-70.938705 
-69.298920 
-70.873383 
-69.225647 
-69.727119 
-69.149673 
-69.652016 
-70.517525 
-70.298943 
-70.442055 
-70.949074 
-71.093048 
-71.602417 
-71.747253 
-72.992546 
-72.404655 
-72.918694 
-74.172310 
-74.321159 
-75.211060 
-74.247795 
-76.627983 
-77.153503 
-79.174431 
-77.834976 
-79.864197 
-79.646751 
-81.310051 
-81.847839 
-83.898857 
-83.306717 
-85.367546 
-84.394630 
-86.083611 
-86.633675 
-88.332474 
-88.121613 
-90.596504 
-90.772644 
-91.719597 
-93.441856 
-95.170143 
-94.966400 
-95.926300 
-96.500160 
-96.685707 
-98.043159 
-98.622444 
-99.595398 
-97.428558 
-101.550514 
-100.166519 
-103.122757 
-102.130989 
-103.911041 
-102.915657 
-104.702583 
-103.703568 
-105.097778 
-104.094391 
-104.691002 
-104.083580 
-104.681061 
-104.876732 
-105.476585 
-104.863373 
-106.681000 
-105.660019 
-106.670265 
-106.052017 
-107.474037 
-107.263039 
-106.640427 
-107.658493 
-107.032967 
-108.054169 
-106.599380 
-108.450058 
-106.989349 
-109.677063 
-108.211899 
-110.493355 
-109.023003 
-110.894417 
-108.998878 
-110.455704 
-109.392662 
-110.432648 
-108.519897 
-109.560715 
-108.061974 
-109.528931 
-107.598167 
-108.216156 
-107.982094 
-107.746552 
-107.509537 
-107.700142 
-107.460930 
-107.220245 
-106.115356 
-106.734436 
-106.489304 
-105.375412 
-105.560204 
-103.569214 
-105.929916 
-104.804764 
-106.299759 
-104.293694 
-106.230774 
-104.656136 
-105.718399 
-104.136200 
-104.758034 
-103.610306 
-105.562843 
-102.634148 
-104.590538 
-103.878098 
-103.609215 
-103.338837 
-104.411324 
-102.793602 
-104.317307 
-104.044006 
-104.220360 
-103.492874 
-103.215057 
-103.389198 
-103.109146 
-101.917603 
-102.544518 
-102.259949 
-100.602028 
-103.060448 
-103.232468 
-104.323654 
-102.655876 
-103.748642 
-103.458870 
-105.943405 
-104.728401 
-105.829651 
-105.539215 
-107.110031 
-105.886688 
-106.060455 
-105.298256 
-106.876793 
-106.112328 
-107.696259 
-107.871643 
-108.518860 
-107.277290 
-109.344589 
-109.521568 
-109.223671 
-109.875549 
-110.052559 
-110.229591 
-110.406631 
-111.062401 
-108.842819 
-111.898323 
-110.633896 
-112.255569 
-110.986557 
-113.096176 
-111.823341 
-113.455032 
-112.177612 
-114.300308 
-112.531929 
-114.660759 
-113.374947 
-114.531792 
-113.730835 
-114.890755 
-114.578491 
-115.742264 
-115.429245 
-116.596870 
-116.283089 
-117.454544 
-118.132713 
-117.818176 
-118.497879 
-118.181808 
-118.363632 
-116.544678 
-119.729195 
-118.909096 
-121.100891 
-119.776001 
-121.974693 
-120.141159 
-121.840416 
-119.493660 
-122.210159 
-120.363586 
-121.562653 
-119.708389 
-120.398811 
-118.025162 
-117.178925 
-115.817169 
-115.990486 
-113.079819 
-111.189453 
-108.261902 
-106.874031 
-102.896217 
-99.423958 
-95.422356 
-91.408485 
-85.821938 
-82.302116 
-76.684898 
-67.916214 
-65.923058 
-57.112198 
-52.997871 
-44.141800 
-39.469780 
-30.040699 
-24.278608 
-15.328291 
-8.469243 
1.590281 
8.493749 
18.075249 
25.554749 
34.121990 
43.247646 
51.329945 
58.899742 
66.490959 
74.103584 
82.813126 
89.931595 
95.452095 
102.608002 
109.242966 
113.188408 
118.229210 
123.283737 
125.632683 
131.800140 
134.166595 
136.539154 
137.277039 
141.302536 
139.854202 
142.794952 
140.243561 
140.988937 
137.323807 
137.513809 
132.726517 
130.694427 
126.437996 
123.279961 
117.888435 
114.708992 
109.847580 
103.297325 
97.847023 
91.261665 
85.779320 
78.597473 
71.395828 
65.300224 
56.933094 
49.672028 
42.956379 
35.090523 
29.470299 
18.727394 
13.638163 
2.845083 
-3.418659 
-11.981257 
-18.281456 
-28.030682 
-32.077572 
-41.297237 
-45.946522 
-54.633556 
-58.736542 
-66.886368 
-69.861130 
-78.046539 
-81.622108 
-87.525284 
-91.122009 
-97.633553 
-101.834068 
-106.045151 
-110.266792 
-112.162277 
-114.647194 
-118.895180 
-121.394379 
-122.725174 
-124.646912 
-123.040863 
-126.735443 
-125.717262 
-130.014786 
-128.997269 
-131.531586 
-129.325989 
-131.272247 
-130.249268 
-131.605209 
-129.982849 
-130.146942 
-126.724442 
-125.686890 
-124.646301 
-124.802673 
-122.555939 
-122.709206 
-119.851105 
-120.000519 
-118.338570 
-117.881126 
-115.606323 
-115.749542 
-113.465637 
-114.213287 
-111.921051 
-109.013771 
-111.586830 
-109.281715 
-112.471924 
-109.549484 
-111.521561 
-108.590050 
-110.565025 
-110.084435 
-112.065300 
-110.351639 
-112.336861 
-110.618622 
-113.845673 
-113.363304 
-112.879387 
-113.635857 
-116.258865 
-115.775543 
-117.783447 
-117.923950 
-118.064392 
-120.706467 
-122.728264 
-122.873734 
-124.902092 
-125.049675 
-126.455444 
-127.864143 
-125.492050 
-129.427521 
-128.947128 
-131.629379 
-130.516037 
-134.474167 
-132.725632 
-135.423141 
-133.034271 
-137.012085 
-135.256653 
-137.967896 
-135.569153 
-135.085098 
-134.599487 
-135.395706 
-134.908493 
-135.706039 
-133.929428 
-134.082230 
-132.298859 
-132.449295 
-131.952850 
-131.454849 
-130.955322 
-130.454254 
-129.301895 
-128.146545 
-126.988197 
-123.871002 
-125.315201 
-122.841766 
-124.941437 
-123.116173 
-124.564476 
-123.390305 
-123.527260 
-119.717445 
-121.166931 
-118.004562 
-120.114616 
-117.604073 
-118.394775 
-117.200409 
-118.654572 
-117.457176 
-119.578438 
-119.708824 
-119.839149 
-120.635880 
-123.435654 
-122.233490 
-121.697029 
-125.175369 
-125.310310 
-127.457657 
-126.923073 
-129.076050 
-126.522316 
-132.047287 
-131.513824 
-135.029724 
-134.497528 
-138.023315 
-137.492386 
-140.350052 
-138.462204 
-142.685028 
-142.835358 
-146.390030 
-145.180542 
-147.379684 
-148.216965 
-149.739319 
-151.264450 
-153.477509 
-155.008835 
-157.229507 
-158.767059 
-159.619339 
-161.850388 
-162.706711 
-164.254517 
-167.186737 
-168.049866 
-166.145187 
-171.165955 
-170.647018 
-174.292923 
-172.384979 
-178.126556 
-174.824646 
-178.487732 
-176.574387 
-180.245697 
-178.329300 
-182.008820 
-180.089340 
-181.672745 
-181.854553 
-182.036209 
-183.624847 
-183.807693 
-184.695328 
-184.878601 
-185.768097 
-187.365906 
-187.550903 
-187.027313 
-187.920502 
-189.524734 
-189.710617 
-189.185104 
-189.370010 
-186.704315 
-191.166031 
-188.495895 
-191.537659 
-188.861755 
-191.192673 
-188.510269 
-191.561844 
-188.873642 
-191.930466 
-187.797409 
-189.417664 
-187.436035 
-188.336517 
-188.515930 
-189.418182 
-185.979736 
-188.329041 
-186.332138 
-187.959579 
-186.684006 
-186.132660 
-185.579803 
-185.753891 
-185.927841 
-184.642014 
-185.544830 
-184.986511 
-184.426697 
-179.470184 
-185.502213 
-182.004364 
-185.845306 
-183.075668 
-184.716003 
-184.149124 
-185.792557 
-181.534988 
-183.916748 
-182.605972 
-184.252197 
-183.679092 
-182.363190 
-181.044418 
-181.950821 
-181.371750 
-182.279221 
-183.187866 
-184.843063 
-180.532730 
-183.681000 
-181.603073 
-181.765015 
-178.932159 
-179.091141 
-177.750000 
-178.658051 
-179.567307 
-175.213791 
-178.378738 
-175.522308 
-177.938278 
-175.075623 
-177.494598 
-173.869781 
-177.804337 
-171.900833 
-177.355606 
-174.474976 
-178.422134 
-175.536636 
-176.448517 
-176.600357 
-176.752045 
-176.903580 
-177.818161 
-177.206253 
-179.650803 
-177.508347 
-176.893417 
-179.342728 
-177.193344 
-178.110809 
-179.797791 
-179.180176 
-176.252136 
-181.021851 
-179.631531 
-181.324875 
-180.703949 
-183.173080 
-180.231277 
-183.477493 
-180.530243 
-183.781281 
-180.052521 
-182.531006 
-180.348999 
-184.387039 
-181.423523 
-183.130417 
-182.499969 
-184.209747 
-183.578339 
-183.727356 
-182.311264 
-183.241791 
-184.173416 
-184.321777 
-183.685028 
-183.832443 
-183.979706 
-183.339966 
-183.486282 
-181.268066 
-185.355957 
-183.924301 
-188.810013 
-185.006195 
-189.899658 
-186.881775 
-190.198639 
-189.554794 
-192.878189 
-189.851532 
-194.769531 
-192.534439 
-192.684097 
-193.630402 
-193.780334 
-193.930099 
-195.677048 
-195.827698 
-196.778091 
-196.128464 
-197.880890 
-196.428589 
-196.578354 
-197.530960 
-197.680984 
-198.635056 
-198.785339 
-198.130081 
-195.055344 
-199.235199 
-194.541443 
-198.726349 
-193.215958 
-196.596329 
-190.265671 
-192.837845 
-188.926758 
-189.066650 
-183.522110 
-182.032196 
-175.660294 
-171.720184 
-167.773926 
-163.006546 
-155.784958 
-151.001190 
-142.942902 
-135.690018 
-126.790329 
-118.696091 
-107.313194 
-98.372971 
-87.778976 
-77.169563 
-64.080177 
-51.794052 
-38.667568 
-21.405794 
-12.358269 
4.122344 
15.675988 
29.722845 
41.310818 
58.702618 
69.499718 
84.451630 
96.110153 
111.101250 
122.794258 
136.994110 
147.890045 
160.463623 
168.062347 
179.001495 
187.455933 
197.589096 
204.398636 
212.051971 
219.715347 
224.880814 
231.725983 
232.720169 
237.065994 
238.064270 
242.418686 
239.224091 
241.904358 
237.023239 
238.022629 
233.131470 
231.602158 
222.485641 
220.103073 
212.653748 
206.883072 
198.569443 
192.781143 
180.216202 
175.254211 
166.896667 
158.527908 
145.906525 
137.512680 
124.860756 
114.742065 
102.909149 
91.911842 
81.751816 
69.874382 
57.981613 
46.073566 
35.857784 
23.066061 
17.096788 
0.000000 
-6.847350 
-20.554970 
-28.280827 
-42.019039 
-48.051769 
-60.102165 
-66.153519 
-78.229958 
-83.439636 
-92.959274 
-97.322922 
-106.000763 
-111.239784 
-118.210754 
-122.599892 
-128.722015 
-133.986923 
-137.528107 
-141.073334 
-143.756607 
-147.309418 
-149.999191 
-151.824387 
-153.651489 
-154.611923 
-157.311478 
-154.796143 
-153.147690 
-156.721085 
-153.328949 
-158.649521 
-154.381775 
-154.472351 
-151.943100 
-152.905579 
-147.749161 
-148.709808 
-141.793915 
-143.627533 
-136.700180 
-136.778931 
-131.593781 
-130.791428 
-128.231354 
-128.304520 
-123.981079 
-123.171700 
-120.600616 
-119.787994 
-118.092964 
-117.277618 
-116.461166 
-112.995270 
-113.058395 
-114.005150 
-115.837044 
-108.823341 
-115.080185 
-112.486549 
-115.207100 
-112.610298 
-117.107910 
-115.396591 
-118.123970 
-117.299606 
-121.808823 
-122.764359 
-125.500900 
-124.677940 
-127.418053 
-131.943909 
-136.474411 
-136.547211 
-142.870453 
-142.946289 
-147.491394 
-149.358017 
-153.910843 
-154.887024 
-157.655533 
-161.322922 
-165.890579 
-167.771225 
-167.858292 
-172.435684 
-170.727585 
-177.108719 
-175.400711 
-181.790237 
-179.181915 
-184.678482 
-183.871048 
-187.571426 
-186.764084 
-190.469086 
-187.855484 
-194.275024 
-191.660095 
-192.660324 
-193.661224 
-195.568237 
-194.759247 
-197.574402 
-197.671768 
-197.768936 
-200.588806 
-200.686874 
-199.876205 
-200.882385 
-199.160995 
-200.167191 
-198.443176 
-199.449371 
-197.722763 
-195.994186 
-196.087723 
-193.443665 
-196.274185 
-191.800415 
-193.718506 
-190.152924 
-192.986084 
-188.501175 
-190.420166 
-185.929291 
-188.764633 
-184.268280 
-183.436188 
-181.685455 
-185.441010 
-182.770584 
-182.854050 
-183.856613 
-182.100693 
-183.103287 
-180.424362 
-182.347504 
-181.508011 
-181.589279 
-182.592529 
-182.673813 
-179.985886 
-187.452866 
-183.840317 
-189.466568 
-186.775818 
-191.482712 
-189.715378 
-195.352951 
-192.658936 
-197.375473 
-194.679443 
-200.327789 
-199.485809 
-204.212265 
-201.513367 
-205.315094 
-205.402039 
-208.278229 
-212.086731 
-212.175751 
-215.057495 
-218.872711 
-218.031998 
-222.783142 
-223.807785 
-225.765854 
-225.858627 
-228.752182 
-229.779663 
-227.069901 
-234.640625 
-232.865158 
-239.508133 
-236.796570 
-242.509460 
-237.922836 
-246.451294 
-242.799347 
-246.646729 
-244.867661 
-248.718216 
-245.998917 
-249.852234 
-248.070221 
-247.226532 
-248.262573 
-249.299118 
-250.336090 
-251.373505 
-251.469543 
-251.565277 
-251.660751 
-252.698853 
-252.794113 
-254.776321 
-255.815735 
-254.966873 
-254.117065 
-250.431198 
-257.141357 
-252.507446 
-253.546173 
-252.692520 
-254.678131 
-250.035172 
-252.968018 
-250.215942 
-251.254044 
-246.601730 
-250.485016 
-246.777573 
-247.814560 
-245.052673 
-246.089127 
-239.522064 
-243.409088 
-240.640457 
-242.626953 
-240.807281 
-240.890274 
-238.115631 
-239.149902 
-239.231461 
-240.266159 
-238.439972 
-238.520401 
-238.600555 
-232.952118 
-239.715103 
-235.973343 
-240.829849 
-237.085327 
-241.944778 
-238.197525 
-242.102936 
-236.438171 
-242.260010 
-238.506714 
-239.541504 
-237.701202 
-239.694565 
-236.893433 
-237.927750 
-237.043045 
-238.077454 
-237.191605 
-238.226059 
-238.299957 
-239.334793 
-239.408447 
-239.481842 
-239.554947 
-239.627792 
-240.663040 
-239.772705 
-240.807953 
-235.098892 
-240.951797 
-238.131027 
-243.023285 
-237.306839 
-242.201126 
-239.376129 
-241.376724 
-239.515015 
-241.516190 
-240.619156 
-240.687927 
-239.789520 
-239.857468 
-238.957703 
-238.057098 
-238.123703 
-238.190002 
-238.256042 
-240.259399 
-238.387344 
-239.421875 
-240.456680 
-240.521881 
-236.706390 
-238.710739 
-237.803986 
-237.867325 
-239.872681 
-233.136169 
-237.084045 
-236.174133 
-238.179932 
-232.407150 
-237.330399 
-233.499634 
-235.505615 
-232.645248 
-233.677765 
-231.788818 
-233.795181 
-232.879105 
-231.962265 
-229.094925 
-232.076569 
-231.157990 
-232.189819 
-230.294403 
-232.302002 
-231.381409 
-232.413101 
-230.514755 
-234.477142 
-230.623337 
-232.632141 
-232.686218 
-228.828445 
-233.771713 
-233.825226 
-236.814163 
-231.973846 
-237.900177 
-233.057312 
-237.027069 
-235.120270 
-237.131882 
-233.263489 
-239.196213 
-234.345459 
-239.299683 
-234.446274 
-234.496277 
-234.546005 
-233.613892 
-233.662872 
-232.729584 
-234.742218 
-236.755356 
-232.873505 
-234.886505 
-233.951080 
-234.981339 
-233.061600 
-236.058685 
-235.121582 
-232.215897 
-235.213699 
-234.275009 
-239.242905 
-233.380386 
-240.319244 
-235.439255 
-239.424667 
-235.527542 
-240.499557 
-237.586426 
-243.546097 
-237.673279 
-240.675400 
-238.745560 
-240.761642 
-238.830536 
-242.820923 
-240.888916 
-243.893051 
-242.947556 
-245.952469 
-246.982269 
-245.047821 
-247.065475 
-246.118210 
-247.147537 
-247.188126 
-246.239517 
-243.312164 
-249.286652 
-245.368835 
-251.344971 
-247.425644 
-250.433807 
-247.502518 
-254.471664 
-249.558853 
-252.567978 
-250.624634 
-252.643463 
-248.717102 
-250.735641 
-248.789673 
-248.825500 
-246.878082 
-245.921448 
-242.980713 
-245.990250 
-239.079987 
-236.136215 
-232.199051 
-231.237854 
-224.320709 
-221.372253 
-214.451447 
-209.514481 
-201.596725 
-186.724213 
-184.761093 
-171.869171 
-166.922546 
-150.049973 
-142.117569 
-125.237534 
-115.311798 
-98.424255 
-86.504143 
-69.609077 
-58.677223 
-38.791031 
-24.868832 
-7.958908 
5.969835 
24.877012 
37.817116 
54.741108 
70.673210 
87.604050 
103.542686 
117.493027 
133.437653 
149.385300 
163.343918 
176.308945 
194.257202 
203.242081 
216.213928 
224.205551 
236.184616 
243.182312 
255.164642 
261.167847 
269.165588 
274.173401 
281.175873 
282.196228 
285.210907 
285.233734 
289.245850 
289.268341 
290.288055 
287.317078 
283.347565 
277.381592 
272.412292 
267.441956 
263.468597 
253.506058 
246.536209 
238.566971 
227.601654 
216.634644 
205.666000 
198.689514 
181.726959 
171.752075 
154.785507 
145.806198 
127.837173 
116.857498 
100.882332 
89.899803 
73.921356 
63.935150 
47.953674 
36.966034 
23.979069 
13.988416 
-0.999216 
-8.993326 
-24.982491 
-34.976887 
-45.971409 
-56.966717 
-68.962227 
-77.960052 
-87.957932 
-96.956833 
-105.956192 
-111.957138 
-120.957260 
-125.959053 
-127.961868 
-138.962189 
-138.965622 
-149.966431 
-149.969788 
-156.971695 
-156.974854 
-162.976959 
-162.979828 
-165.982193 
-166.984634 
-166.987000 
-165.989227 
-166.991135 
-165.992935 
-165.994492 
-165.995880 
-163.997086 
-160.998077 
-162.998825 
-158.999405 
-155.999802 
-150.999985 
-149.999985 
-142.999817 
-140.999481 
-137.999008 
-132.998413 
-130.997681 
-120.996994 
-123.995888 
-116.995018 
-119.993629 
-113.992607 
-115.990967 
-108.989975 
-110.988091 
-103.987129 
-105.985016 
-100.983818 
-103.981255 
-99.979851 
-98.977852 
-99.975266 
-98.973068 
-98.970505 
-102.966530 
-103.963264 
-102.960587 
-106.955780 
-106.952385 
-107.948380 
-115.940598 
-112.938141 
-118.930519 
-121.924171 
-125.916794 
-128.909653 
-127.905083 
-136.892609 
-136.886642 
-144.873535 
-146.865051 
-152.852341 
-153.843948 
-159.829956 
-161.819641 
-169.801941 
-169.792953 
-177.773575 
-176.765045 
-183.745392 
-184.733322 
-189.714951 
-193.697327 
-197.678970 
-200.661575 
-201.647079 
-206.624939 
-208.607574 
-210.589676 
-212.571259 
-215.550232 
-215.535004 
-217.515076 
-215.503784 
-221.473572 
-221.456863 
-228.422241 
-224.414871 
-227.389130 
-226.373688 
-229.346756 
-226.336609 
-227.314667 
-227.295380 
-228.272644 
-226.259277 
-230.225876 
-223.229340 
-225.202026 
-222.192169 
-220.178925 
-220.158157 
-221.133255 
-219.119873 
-221.090240 
-217.085144 
-218.059097 
-219.032593 
-214.032623 
-215.005829 
-212.992676 
-210.979706 
-203.991501 
-208.944244 
-206.931595 
-208.898178 
-203.901566 
-206.862076 
-202.860748 
-207.808807 
-202.813614 
-204.777832 
-200.777634 
-203.734970 
-199.735397 
-201.698074 
-199.686157 
-199.661194 
-200.629196 
-204.575989 
-202.563766 
-204.523132 
-203.503647 
-205.461884 
-204.442047 
-205.406845 
-206.371140 
-206.342896 
-206.314392 
-206.285660 
-209.231552 
-204.244522 
-211.154709 
-211.124298 
-213.075745 
-212.053635 
-215.985367 
-213.972015 
-218.892242 
-217.868851 
-220.806152 
-219.782257 
-223.707672 
-222.683075 
-224.627197 
-226.570419 
-228.512756 
-227.486969 
-231.405807 
-229.390579 
-231.330093 
-233.268677 
-236.194611 
-235.166855 
-238.090912 
-239.038147 
-239.984772 
-243.893051 
-245.825165 
-245.782166 
-241.791260 
-248.655472 
-248.611069 
-253.498276 
-250.493820 
-253.406250 
-251.388123 
-254.298721 
-252.280548 
-255.189255 
-254.156174 
-256.077881 
-255.044388 
-254.995514 
-255.930679 
-256.865173 
-254.847092 
-257.748352 
-256.713806 
-258.629547 
-256.611420 
-259.508759 
-257.490662 
-258.420807 
-257.385498 
-256.350281 
-255.315170 
-256.243713 
-255.208450 
-252.210556 
-259.025177 
-252.103317 
-256.952972 
-252.975449 
-257.822144 
-252.865448 
-257.709442 
-254.713623 
-253.677734 
-251.662735 
-251.606369 
-248.613327 
-249.535583 
-247.522095 
-249.421722 
-246.430634 
-246.373642 
-245.338943 
-247.236038 
-245.224014 
-244.189362 
-245.107941 
-246.025803 
-242.062592 
-242.980103 
-241.945694 
-237.010086 
-241.827713 
-236.893921 
-240.733963 
-237.751053 
-242.562500 
-235.684418 
-240.493378 
-238.485718 
-237.451950 
-235.445465 
-238.303055 
-235.324387 
-238.179932 
-236.174133 
-235.140732 
-233.136169 
-235.988098 
-233.983765 
-235.862732 
-234.829269 
-232.825958 
-235.672653 
-233.669601 
-232.636642 
-232.572998 
-232.509094 
-232.444931 
-234.317001 
-231.347824 
-236.121689 
-235.087936 
-237.923141 
-233.021255 
-235.854843 
-231.922073 
-234.753723 
-232.754501 
-235.583679 
-232.619568 
-235.446518 
-231.518875 
-231.450745 
-229.454178 
-230.349915 
-227.390732 
-231.175629 
-229.180328 
-229.111221 
-226.154755 
-228.010132 
-226.016998 
-227.870682 
-226.839401 
-226.769318 
-226.699005 
-226.628403 
-225.597580 
-220.728333 
-226.415131 
-220.589020 
-225.312897 
-222.365662 
-226.127182 
-225.096710 
-225.981674 
-223.994080 
-224.878220 
-220.978424 
-224.731323 
-222.745514 
-221.716385 
-222.598343 
-225.389511 
-225.314346 
-225.238937 
-227.071426 
-226.041092 
-225.964615 
-227.794098 
-228.669235 
-229.543457 
-232.321060 
-231.289200 
-230.257736 
-232.080124 
-231.048477 
-227.165771 
-232.787018 
-231.755249 
-233.572327 
-231.591248 
-236.252914 
-229.529312 
-232.291473 
-228.416824 
-233.071655 
-230.146011 
-234.796219 
-228.085739 
-230.840546 
-230.755859 
-230.670914 
-230.585693 
-230.500244 
-230.414520 
-232.216492 
-230.242310 
-232.042358 
-232.897812 
-232.809753 
-232.721436 
-232.632858 
-233.485519 
-229.631607 
-237.069366 
-233.216385 
-236.886261 
-233.975327 
-234.823532 
-230.976089 
-233.701248 
-231.733017 
-236.330719 
-231.549973 
-236.143448 
-229.492523 
-233.146164 
-227.437012 
-228.281204 
-227.253937 
-229.966522 
-228.938766 
-230.713745 
-227.818512 
-229.591827 
-228.564606 
-229.402985 
-229.308167 
-230.144882 
-230.980560 
-229.953262 
-231.718262 
-226.039795 
-229.663940 
-226.778732 
-229.469803 
-227.515091 
-232.059372 
-231.032425 
-232.788315 
-229.907150 
-231.661346 
-226.930008 
-231.460846 
-227.658447 
-229.409241 
-228.384262 
-228.284134 
-225.412231 
-228.083054 
-225.213120 
-224.190598 
-223.168640 
-224.912613 
-222.047882 
-220.106323 
-217.245667 
-214.387253 
-212.450821 
-206.838684 
-202.150208 
-196.547256 
-196.457306 
-189.026276 
-186.187729 
-176.017456 
-171.354309 
-159.367966 
-155.631866 
-140.918365 
-136.279282 
-123.416565 
-117.875877 
-100.466888 
-89.464516 
-75.735008 
-65.666588 
-49.226444 
-37.357758 
-24.589649 
-11.833768 
4.549254 
17.278809 
32.722923 
45.426411 
59.025555 
74.426613 
87.090904 
101.556145 
112.381767 
132.255112 
137.622086 
152.938065 
161.907013 
175.387070 
180.720932 
192.371246 
195.885269 
205.711166 
210.116074 
219.022873 
222.515045 
228.704544 
233.087494 
236.566086 
237.343658 
239.018616 
237.099075 
236.976410 
234.161987 
232.246826 
229.437027 
223.942520 
218.453384 
214.759323 
205.702652 
200.230743 
195.657730 
183.052765 
179.385559 
165.018097 
161.363846 
147.020813 
140.707962 
126.390968 
117.426788 
105.804756 
96.861038 
82.597969 
71.900963 
59.441139 
47.881546 
37.220757 
25.685902 
13.278483 
3.538970 
-8.842523 
-19.442741 
-30.914406 
-38.842125 
-49.407764 
-56.434341 
-66.096802 
-74.867493 
-80.987267 
-90.619179 
-93.205635 
-104.576981 
-108.908821 
-119.380096 
-121.943573 
-131.518188 
-132.318771 
-140.124420 
-140.043365 
-145.210770 
-146.000656 
-152.905579 
-150.196609 
-151.854187 
-152.637344 
-156.034439 
-155.071320 
-155.850418 
-154.017853 
-157.405075 
-153.834976 
-152.874710 
-151.047226 
-151.824356 
-149.132141 
-146.442871 
-145.488632 
-141.938812 
-140.987930 
-134.851364 
-136.497177 
-130.370316 
-132.879227 
-125.899292 
-125.822044 
-119.715820 
-121.363503 
-116.127327 
-117.774780 
-113.406029 
-112.476906 
-108.116478 
-105.476364 
-102.839363 
-101.918404 
-101.854332 
-100.079407 
-100.016212 
-100.807228 
-98.182030 
-98.972839 
-99.762482 
-99.698799 
-102.189774 
-101.273232 
-103.759636 
-102.842896 
-103.625938 
-102.710091 
-108.581596 
-110.206573 
-114.370804 
-115.142868 
-117.605873 
-117.528854 
-122.521584 
-121.596573 
-124.891884 
-128.182632 
-132.311539 
-132.223770 
-135.502411 
-137.094299 
-140.364838 
-142.790771 
-146.891983 
-148.470963 
-153.400558 
-153.297089 
-155.704834 
-158.945633 
-159.673721 
-161.235992 
-162.795792 
-165.187469 
-163.407013 
-169.126923 
-167.345581 
-171.390305 
-170.440643 
-173.646149 
-171.035065 
-174.235092 
-172.455673 
-173.163986 
-173.871002 
-175.404068 
-173.627472 
-176.810303 
-171.731995 
-173.260910 
-172.313980 
-173.839661 
-173.716248 
-175.238113 
-174.291122 
-172.523544 
-171.579147 
-170.635742 
-168.873596 
-168.752060 
-169.448898 
-167.690430 
-167.568970 
-161.729706 
-166.509430 
-163.125610 
-166.266647 
-161.258423 
-164.395645 
-161.835190 
-163.341400 
-161.596878 
-163.100449 
-158.925507 
-161.238388 
-159.499283 
-159.380539 
-157.644821 
-160.758316 
-159.023483 
-158.904160 
-157.172714 
-157.054321 
-155.326202 
-157.621323 
-155.894745 
-157.382385 
-158.867416 
-157.142853 
-157.824020 
-158.503845 
-159.182297 
-155.862869 
-159.736359 
-157.219025 
-162.679794 
-160.960251 
-163.224106 
-160.710541 
-162.970444 
-162.843384 
-165.891113 
-164.175049 
-167.216293 
-165.501221 
-167.744690 
-166.821793 
-168.269989 
-168.926208 
-170.369736 
-172.598740 
-173.248840 
-173.897583 
-176.903580 
-175.190750 
-176.620193 
-178.046967 
-176.336258 
-177.760208 
-179.963928 
-180.600052 
-177.328888 
-184.209747 
-180.160217 
-183.909668 
-182.980774 
-185.165054 
-183.458466 
-187.968094 
-186.261200 
-188.434006 
-186.728714 
-188.896683 
-189.513565 
-190.129013 
-189.970825 
-189.812439 
-191.195801 
-192.576416 
-193.184692 
-194.560471 
-192.860046 
-195.000641 
-193.301819 
-194.671188 
-192.208893 
-193.575928 
-192.646790 
-188.663589 
-192.318375 
-190.628876 
-192.751144 
-191.063278 
-193.180710 
-189.214828 
-194.366241 
-188.888107 
-191.756302 
-189.318115 
-190.666794 
-188.988861 
-190.334625 
-187.149796 
-186.232010 
-186.822006 
-188.915848 
-186.493668 
-187.080582 
-185.414032 
-187.499985 
-186.584473 
-185.670181 
-184.757034 
-185.339752 
-184.427643 
-185.008789 
-184.097733 
-183.932526 
-182.279205 
-179.141754 
-181.950836 
-179.560455 
-182.363174 
-177.013306 
-179.812424 
-175.952332 
-178.007782 
-174.155487 
-176.945267 
-173.836777 
-175.149048 
-172.782257 
-172.623093 
-170.262192 
-171.571213 
-170.679810 
-171.253342 
-171.825439 
-171.665512 
-170.775620 
-171.345245 
-171.184937 
-170.296783 
-170.863968 
-170.703278 
-169.091019 
-167.481445 
-170.944839 
-169.335648 
-169.897980 
-168.291962 
-171.018219 
-167.971512 
-169.971741 
-167.650543 
-171.084122 
-167.329117 
-170.038055 
-168.440704 
-169.710342 
-165.969421 
-169.382202 
-168.503906 
-168.340210 
-169.601669 
-168.012512 
-167.137222 
-168.394806 
-166.810150 
-165.228210 
-166.482666 
-167.026459 
-166.154648 
-165.990540 
-165.826248 
-162.842072 
-166.201569 
-163.925613 
-165.870850 
-164.301025 
-166.241074 
-163.972382 
-166.608093 
-162.944031 
-165.574539 
-161.917999 
-165.240585 
-161.590912 
-162.818802 
-160.568253 
-161.099426 
-160.935410 
-162.157227 
-159.914734 
-161.825775 
-160.278168 
-158.733368 
-159.948975 
-159.784195 
-158.243301 
-158.767090 
-158.602707 
-157.752350 
-160.329147 
-156.055618 
-159.311737 
-157.779373 
-160.343628 
-156.767700 
-161.369476 
-158.479233 
-158.312439 
-156.788071 
-160.012589 
-155.779572 
-158.997467 
-156.125275 
-157.309601 
-155.793304 
-156.300888 
-155.460922 
-157.311417 
-157.142883 
-157.645020 
-158.145630 
-157.305939 
-157.136261 
-157.634460 
-157.463882 
-157.959686 
-157.788177 
-158.946747 
-158.109283 
-155.945984 
-158.427048 
-156.267197 
-158.080185 
-157.906586 
-159.712830 
-158.218369 
-161.336426 
-157.211365 
-160.979691 
-156.863205 
-160.622604 
-157.824478 
-159.611053 
-157.472687 
-159.254700 
-157.772552 
-158.246841 
-158.069092 
-158.541000 
-157.064301 
-156.887085 
-156.062180 
-156.532288 
-155.062576 
-154.241119 
-152.131775 
-148.738937 
-149.855469 
-145.829636 
-146.304382 
-141.008987 
-139.566574 
-134.290192 
-131.580521 
-125.686615 
-122.992241 
-115.848022 
-112.534714 
-104.148369 
-100.221321 
-90.600929 
-86.065353 
-77.747543 
-71.342972 
-63.061333 
-56.688530 
-45.926598 
-37.703423 
-29.499489 
-20.687923 
-11.897125 
-3.127111 
5.622114 
15.598404 
23.058132 
34.234695 
40.410843 
50.297836 
57.059906 
66.283447 
72.391014 
81.573517 
84.561264 
94.322891 
99.750404 
105.779465 
110.565025 
116.565590 
121.325630 
124.849709 
127.753448 
130.649643 
132.928543 
134.592438 
133.818680 
136.083923 
135.309296 
134.536087 
134.369675 
132.994110 
131.017700 
128.442749 
125.271515 
121.506187 
120.152878 
112.202393 
109.664757 
102.943573 
99.227631 
90.744652 
87.052719 
79.201332 
74.343193 
66.527115 
60.510319 
52.731125 
47.930183 
40.777370 
33.052422 
25.936550 
18.250082 
10.583230 
4.110413 
-2.932231 
-11.128119 
-17.548042 
-23.951321 
-30.337954 
-37.873260 
-43.643181 
-50.560230 
-56.298309 
-61.441586 
-65.413445 
-73.421570 
-76.789505 
-84.184570 
-85.225555 
-90.864250 
-94.190369 
-99.228088 
-99.669594 
-105.258049 
-106.260971 
-110.113464 
-110.536621 
-113.803329 
-113.083122 
-114.634346 
-114.480766 
-116.025085 
-115.869171 
-117.406624 
-117.812042 
-118.215927 
-117.493896 
-116.773422 
-117.736320 
-115.896721 
-115.739021 
-112.231133 
-115.423615 
-111.924805 
-112.883728 
-108.286430 
-109.801430 
-106.881462 
-106.181213 
-102.721130 
-104.233704 
-101.335808 
-100.095413 
-98.308830 
-98.172157 
-95.297073 
-94.070335 
-92.846626 
-92.171356 
-91.497627 
-89.737648 
-89.068428 
-88.943062 
-88.276115 
-87.610718 
-87.486832 
-88.441483 
-87.239014 
-88.728371 
-88.065147 
-86.867218 
-89.420502 
-87.688637 
-88.630989 
-88.503914 
-89.973999 
-89.312988 
-91.307816 
-89.585823 
-90.515038 
-89.326942 
-91.308662 
-90.649147 
-92.622421 
-90.911079 
-90.778519 
-91.169952 
-92.082993 
-89.858383 
-91.813202 
-91.678299 
-91.543419 
-92.966591 
-92.310753 
-92.692108 
-92.554901 
-92.933937 
-91.249313 
-91.113579 
-89.435837 
-91.355362 
-89.168976 
-91.082306 
-88.391121 
-89.788956 
-87.106964 
-88.501678 
-86.336739 
-87.220520 
-85.063293 
-86.451096 
-84.805519 
-83.668571 
-82.534744 
-82.408913 
-80.777908 
-81.656303 
-80.030670 
-79.408524 
-80.283852 
-81.156105 
-79.539680 
-79.416969 
-78.798622 
-78.181816 
-78.554657 
-78.925964 
-79.295776 
-77.697006 
-79.539749 
-77.454605 
-79.780708 
-77.700935 
-80.994408 
-79.892784 
-83.171692 
-82.069351 
-83.879150 
-81.810150 
-84.097137 
-83.481209 
-84.312126 
-85.139992 
-84.524040 
-85.827614 
-86.169121 
-87.464996 
-86.847549 
-87.660896 
-88.946892 
-89.278481 
-90.082664 
-91.357155 
-91.681931 
-92.005135 
-94.211044 
-94.998444 
-93.904701 
-96.564140 
-95.938416 
-97.650368 
-98.423294 
-100.124619 
-99.030197 
-100.723854 
-100.094398 
-102.704941 
-100.687668 
-103.748650 
-102.195534 
-102.944908 
-103.232483 
-103.976547 
-104.260292 
-104.999046 
-104.367508 
-106.012527 
-107.197182 
-107.470345 
-107.742012 
-108.012238 
-108.280907 
-107.647255 
-108.364090 
-106.384621 
-109.340630 
-107.365036 
-109.861488 
-108.336365 
-110.376419 
-108.410103 
-109.998245 
-108.038094 
-109.620201 
-108.548775 
-109.242348 
-108.173981 
-109.742516 
-108.237595 
-107.174667 
-106.988182 
-107.673592 
-106.615341 
-107.732246 
-107.109993 
-107.355064 
-105.870163 
-106.978104 
-106.789658 
-105.741547 
-106.412872 
-105.367889 
-106.036308 
-103.287224 
-105.659859 
-104.195839 
-105.708176 
-103.400490 
-104.484535 
-102.608284 
-103.688629 
-102.660835 
-103.315987 
-101.452797 
-102.524994 
-100.668770 
-100.069458 
-100.304100 
-100.121841 
-99.524994 
-100.585381 
-99.162224 
-99.393326 
-98.387985 
-98.618484 
-98.027168 
-99.484413 
-98.075150 
-97.078407 
-97.713234 
-96.719559 
-95.728951 
-94.336540 
-95.373489 
-93.985695 
-96.226044 
-93.635010 
-95.064262 
-92.884239 
-93.109444 
-91.737770 
-93.555519 
-91.789658 
-92.012840 
-91.047005 
-91.664650 
-90.701988 
-90.135925 
-89.571426 
-89.400589 
-89.621170 
-89.449753 
-88.888481 
-88.717880 
-88.158974 
-88.376907 
-88.206490 
-87.650002 
-86.324318 
-86.926323 
-86.757690 
-84.290245 
-86.802902 
-85.107071 
-85.702728 
-83.634323 
-85.367538 
-82.928040 
-84.654678 
-82.602211 
-83.945107 
-81.900894 
-82.488823 
-81.202858 
-81.788689 
-80.507996 
-80.347763 
-80.187599 
-80.398056 
-80.237274 
-79.338531 
-79.547646 
-79.387871 
-79.228096 
-79.434456 
-78.543449 
-79.842941 
-79.681282 
-78.793442 
-79.720444 
-77.750069 
-79.756989 
-79.594162 
-80.509666 
-79.627411 
-81.253799 
-80.015266 
-80.563553 
-80.397499 
-81.296532 
-79.002846 
-80.960457 
-79.734085 
-79.920486 
-79.754211 
-80.639793 
-80.121552 
-80.303146 
-79.786537 
-79.966888 
-79.798851 
-80.323341 
-79.463028 
-80.674339 
-80.159698 
-79.989899 
-79.477600 
-77.941307 
-80.845543 
-78.630814 
-80.161232 
-78.972954 
-79.818459 
-77.959732 
-78.802460 
-77.288658 
-78.463249 
-75.951714 
-76.788994 
-75.623177 
-75.791458 
-74.299965 
-73.145248 
-71.334465 
-70.519562 
-68.721207 
-66.602104 
-64.819046 
-63.043270 
-59.645126 
-58.212742 
-54.514694 
-51.803841 
-47.489265 
-45.127438 
-40.846012 
-35.941422 
-33.619896 
-28.113691 
-25.819456 
-19.400677 
-16.183804 
-10.764928 
-6.318039 
-0.630378 
2.830287 
8.471632 
12.522095 
18.428131 
22.125750 
27.671862 
31.641396 
36.521019 
40.760445 
44.980057 
48.872517 
52.746647 
56.602493 
59.218994 
63.345604 
65.629486 
68.811577 
71.071030 
73.017532 
74.954292 
78.382904 
78.499046 
80.108414 
79.920219 
80.922195 
79.841034 
81.133102 
79.464195 
79.570648 
78.205803 
78.313271 
75.493324 
75.021355 
72.221199 
70.014809 
66.948753 
64.474991 
61.435616 
58.985722 
55.398914 
51.828823 
49.418091 
45.308769 
42.356026 
38.566437 
34.229130 
30.759199 
27.024395 
23.026789 
20.449141 
15.927874 
13.379909 
8.897938 
6.656959 
1.383433 
-0.828001 
-5.230979 
-7.689633 
-11.779643 
-14.209578 
-18.262697 
-19.848316 
-22.781832 
-25.159325 
-27.524599 
-29.070160 
-31.950077 
-33.476036 
-35.528164 
-37.303055 
-38.005470 
-39.764240 
-40.984783 
-42.726120 
-42.616623 
-44.606373 
-45.538525 
-45.943298 
-45.303993 
-46.745083 
-46.365002 
-47.278130 
-47.155258 
-47.289509 
-46.909885 
-47.298664 
-46.409889 
-46.542549 
-45.659363 
-45.286240 
-44.157574 
-43.537663 
-42.920513 
-42.556499 
-41.195202 
-41.085667 
-40.479549 
-39.876209 
-38.781551 
-38.431343 
-37.836861 
-36.755039 
-37.144867 
-36.557259 
-35.972370 
-35.147808 
-35.294277 
-33.751896 
-34.862194 
-34.287609 
-34.672207 
-33.861980 
-34.958225 
-34.150764 
-34.766342 
-33.963001 
-35.045261 
-34.479233 
-35.085407 
-34.521542 
-35.355972 
-34.561604 
-35.621696 
-35.291439 
-35.652653 
-35.552608 
-36.367573 
-36.493229 
-36.617733 
-36.741024 
-37.089291 
-37.209579 
-37.553562 
-38.119362 
-37.339840 
-39.016754 
-38.238094 
-39.015152 
-38.460953 
-39.231831 
-38.459366 
-39.882160 
-39.111237 
-39.869255 
-39.101704 
-40.070869 
-39.090157 
-40.052612 
-39.291237 
-39.390076 
-39.274326 
-39.584373 
-39.043236 
-38.927860 
-38.601673 
-38.276894 
-38.792206 
-38.049519 
-37.310696 
-37.407009 
-37.502232 
-36.563438 
-36.453541 
-35.317104 
-36.438866 
-35.308250 
-35.811745 
-35.500229 
-35.594547 
-34.881283 
-35.176865 
-34.267723 
-34.961880 
-34.057926 
-34.350307 
-33.650639 
-33.349426 
-32.852833 
-32.947166 
-32.258358 
-32.742695 
-31.863483 
-31.957689 
-32.050774 
-31.950289 
-32.041794 
-32.706001 
-32.602901 
-32.689945 
-32.775913 
-32.860806 
-33.132908 
-32.276779 
-33.670254 
-33.003235 
-34.198547 
-33.533024 
-34.348537 
-33.869705 
-35.044720 
-34.199841 
-35.182743 
-34.886776 
-35.678799 
-35.562492 
-35.986095 
-36.047623 
-36.465633 
-36.345772 
-36.581264 
-37.345509 
-37.574833 
-37.450333 
-37.851753 
-38.249802 
-38.470444 
-38.688931 
-39.251091 
-39.291828 
-39.675045 
-39.883797 
-39.578617 
-40.634983 
-40.327869 
-41.204178 
-40.895706 
-41.427185 
-40.617130 
-41.477558 
-41.003284 
-41.854961 
-41.381126 
-42.059792 
-41.423153 
-41.769081 
-41.461437 
-41.803280 
-41.980438 
-41.672844 
-42.168255 
-42.180111 
-42.031784 
-41.883682 
-41.735783 
-41.588104 
-41.754620 
-41.449829 
-41.146374 
-40.688942 
-41.162468 
-40.089806 
-40.406750 
-39.648991 
-40.421188 
-39.515236 
-39.674976 
-38.927441 
-38.785851 
-38.045372 
-38.055626 
-37.618919 
-38.073486 
-37.047890 
-36.911427 
-36.775127 
-36.639034 
-35.921425 
-36.367519 
-35.654648 
-35.665359 
-35.531933 
-35.113235 
-34.839138 
-34.707943 
-34.294693 
-33.602589 
-33.615318 
-32.789951 
-33.082100 
-32.540447 
-32.829823 
-32.154385 
-32.304630 
-31.498476 
-31.920258 
-31.390938 
-31.673613 
-30.745022 
-31.026527 
-30.372643 
-30.519245 
-30.003096 
-30.543491 
-29.767553 
-29.780729 
-29.532831 
-29.545340 
-29.557005 
-29.182215 
-29.193775 
-28.949440 
-28.960369 
-28.464447 
-28.475809 
-28.235340 
-28.121063 
-27.633562 
-28.141083 
-27.656006 
-27.911913 
-27.430254 
-27.683542 
-27.205336 
-27.576969 
-27.101637 
-27.229265 
-26.996778 
-26.884407 
-26.535313 
-26.424343 
-26.196102 
-26.320015 
-25.976181 
-26.098490 
-25.988037 
-26.107851 
-25.882298 
-26.114073 
-25.775393 
-25.778046 
-25.892550 
-25.781103 
-25.446651 
-25.447720 
-25.226774 
-24.786642 
-25.117382 
-24.789272 
-25.115637 
-24.572443 
-25.003185 
-24.356421 
-24.676008 
-24.141268 
-24.563370 
-24.137732 
-24.344738 
-23.817886 
-23.919006 
-23.397272 
-23.497852 
-23.494181 
-23.591961 
-23.383064 
-23.377720 
-23.270924 
-23.064068 
-23.058018 
-23.051233 
-22.845945 
-22.740244 
-22.634783 
-22.627045 
-22.618610 
-22.416254 
-22.599693 
-22.397808 
-22.673347 
-22.376612 
-22.459366 
-22.258833 
-22.620218 
-22.047108 
-22.404495 
-21.928467 
-22.098038 
-21.717678 
-21.703434 
-21.598173 
-21.852896 
-21.656845 
-21.640018 
-21.533930 
-21.516300 
-21.410248 
-21.391750 
-21.372625 
-21.352873 
-21.074474 
-20.969187 
-21.204769 
-20.674585 
-20.992001 
-20.718201 
-21.113985 
-20.674622 
-20.982353 
-20.628660 
-20.768293 
-20.173557 
-20.231501 
-19.885511 
-20.022787 
-19.600084 
-19.418728 
-18.923063 
-18.667099 
-18.178925 
-18.005537 
-17.447206 
-16.970829 
-16.498734 
-16.030926 
-15.265114 
-14.807465 
-13.980280 
-13.384400 
-12.424561 
-11.768746 
-10.680589 
-9.676503 
-9.044703 
-7.843702 
-7.299582 
-5.907081 
-5.237396 
-4.011808 
-3.149577 
-1.531194 
-0.899727 
0.550567 
1.368658 
2.653793 
3.856630 
4.911096 
5.953335 
7.049908 
7.935223 
9.007207 
9.739574 
10.722939 
11.371319 
12.204299 
13.026923 
13.648807 
14.262677 
14.868595 
15.341818 
15.932608 
16.577143 
16.416765 
17.109879 
16.946390 
17.265188 
17.220417 
17.472395 
17.129614 
17.435802 
16.920401 
16.874269 
16.481909 
16.265244 
15.822639 
15.554265 
15.007309 
14.577962 
13.986601 
13.236380 
12.768852 
12.088615 
11.470383 
10.698037 
10.041723 
9.393212 
8.646991 
7.909856 
7.181768 
6.566104 
6.060759 
5.153444 
4.663211 
3.725974 
3.251047 
2.384743 
1.924621 
1.078383 
0.730302 
-0.096714 
-0.384227 
-1.049419 
-1.468604 
-2.070155 
-2.569854 
-3.016084 
-3.409849 
-3.752154 
-4.043971 
-4.421646 
-4.659291 
-5.026691 
-5.300192 
-5.569397 
-5.703717 
-5.965357 
-6.136962 
-6.092568 
-6.471287 
-6.382129 
-6.668878 
-6.537162 
-6.735380 
-6.644761 
-6.716779 
-6.506051 
-6.616772 
-6.369230 
-6.399686 
-6.234303 
-6.148227 
-5.986155 
-5.864101 
-5.705602 
-5.624024 
-5.394368 
-5.278513 
-5.090722 
-5.050734 
-4.794613 
-4.649348 
-4.434977 
-4.293974 
-4.189725 
-3.948190 
-3.881915 
-3.543725 
-3.616221 
-3.351980 
-3.424149 
-3.165084 
-3.171530 
-3.047851 
-3.118810 
-2.965078 
-3.129739 
-2.946493 
-3.014648 
-2.927247 
-2.993754 
-2.907360 
-3.062310 
-2.976137 
-3.097623 
-3.099659 
-3.159276 
-3.217460 
-3.331172 
-3.301377 
-3.411531 
-3.491586 
-3.569762 
-3.646072 
-3.747496 
-3.766464 
-3.811054 
-4.011645 
-3.948239 
-4.168542 
-4.154776 
-4.342680 
-4.301370 
-4.433637 
-4.464654 
-4.543026 
-4.498955 
-4.645681 
-4.623751 
-4.648305 
-4.671676 
-4.739686 
-4.714963 
-4.779787 
-4.753712 
-4.771403 
-4.744457 
-4.717316 
-4.775256 
-4.683542 
-4.634708 
-4.648108 
-4.578703 
-4.530190 
-4.461923 
-4.334955 
-4.386175 
-4.280590 
-4.291453 
-4.187617 
-4.178987 
-4.040062 
-4.013397 
-3.932206 
-3.869996 
-3.790725 
-3.800083 
-3.669971 
-3.610554 
-3.568680 
-3.493632 
-3.403076 
-3.411881 
-3.339095 
-3.331076 
-3.259551 
-3.235681 
-3.150199 
-3.111623 
-3.058301 
-3.005576 
-2.953446 
-2.916356 
-2.893756 
-2.814740 
-2.834277 
-2.756607 
-2.802071 
-2.712060 
-2.755514 
-2.667018 
-2.670002 
-2.596210 
-2.623614 
-2.538653 
-2.528208 
-2.457390 
-2.482392 
-2.424371 
-2.424708 
-2.390324 
-2.389691 
-2.366315 
-2.353709 
-2.297966 
-2.295760 
-2.282498 
-2.248424 
-2.204526 
-2.181023 
-2.186766 
-2.153100 
-2.138621 
-2.067913 
-2.145333 
-2.075169 
-2.104077 
-2.043893 
-2.053583 
-1.986079 
-2.019697 
-1.953295 
-1.960585 
-1.911504 
-1.909837 
-1.869224 
-1.851644 
-1.819093 
-1.808547 
-1.783286 
-1.765036 
-1.753418 
-1.734615 
-1.715618 
-1.689944 
-1.664327 
-1.638763 
-1.613287 
-1.575871 
-1.562502 
-1.519951 
-1.523307 
-1.481393 
-1.461887 
-1.431640 
-1.417281 
-1.361939 
-1.357717 
-1.308947 
-1.294654 
-1.247469 
-1.237846 
-1.196567 
-1.182302 
-1.142261 
-1.115589 
-1.089214 
-1.071064 
-1.037417 
-1.019520 
-0.990556 
-0.962091 
-0.941093 
-0.913437 
-0.879666 
-0.859611 
-0.833425 
-0.807721 
-0.779529 
-0.751993 
-0.741878 
-0.712390 
-0.699523 
-0.671139 
-0.658424 
-0.631106 
-0.613889 
-0.590054 
-0.577749 
-0.550507 
-0.540511 
-0.512459 
-0.500686 
-0.479592 
-0.462630 
-0.444256 
-0.431266 
-0.408794 
-0.394761 
-0.377966 
-0.363000 
-0.348348 
-0.335286 
-0.321177 
-0.304985 
-0.293874 
-0.276320 
-0.263618 
-0.246273 
-0.239115 
-0.224628 
-0.216657 
-0.200576 
-0.192933 
-0.180207 
-0.171420 
-0.160202 
-0.151848 
-0.140809 
-0.133464 
-0.123724 
-0.114420 
-0.106393 
-0.099856 
-0.091587 
-0.084404 
-0.077829 
-0.071775 
-0.065147 
-0.059794 
-0.053965 
-0.048622 
-0.043541 
-0.038567 
-0.033897 
-0.029764 
-0.025758 
-0.021528 
-0.018590 
-0.015245 
-0.012445 
-0.009644 
-0.007558 
-0.005446 
-0.003857 
-0.002420 
-0.001379 
-0.000610 
-0.000156 
-0.000000 
