0.000000 
0.000001 
0.000002 
0.000005 
0.000009 
0.000015 
0.000021 
0.000029 
0.000038 
0.000048 
0.000059 
0.000071 
0.000085 
0.000099 
0.000115 
0.000132 
0.000151 
0.000170 
0.000191 
0.000212 
0.000235 
0.000260 
0.000285 
0.000311 
0.000339 
0.000368 
0.000398 
0.000429 
0.000461 
0.000495 
0.000530 
0.000565 
0.000603 
0.000641 
0.000680 
0.000721 
0.000763 
0.000806 
0.000850 
0.000895 
0.000941 
0.000989 
0.001038 
0.001088 
0.001139 
0.001191 
0.001245 
0.001300 
0.001355 
0.001412 
0.001471 
0.001530 
0.001591 
0.001652 
0.001715 
0.001779 
0.001845 
0.001911 
0.001979 
0.002047 
0.002117 
0.002188 
0.002261 
0.002334 
0.002409 
0.002485 
0.002562 
0.002640 
0.002719 
0.002800 
0.002881 
0.002964 
0.003048 
0.003133 
0.003220 
0.003307 
0.003396 
0.003486 
0.003577 
0.003669 
0.003762 
0.003857 
0.003952 
0.004049 
0.004147 
0.004246 
0.004347 
0.004448 
0.004551 
0.004655 
0.004760 
0.004866 
0.004973 
0.005082 
0.005192 
0.005302 
0.005414 
0.005528 
0.005642 
0.005757 
0.005874 
0.005992 
0.006111 
0.006231 
0.006352 
0.006475 
0.006599 
0.006723 
0.006849 
0.006976 
0.007105 
0.007234 
0.007365 
0.007497 
0.007629 
0.007764 
0.007899 
0.008035 
0.008173 
0.008311 
0.008451 
0.008592 
0.008735 
0.008878 
0.009022 
0.009168 
0.009315 
0.009463 
0.009612 
0.009762 
0.009914 
0.010066 
0.010220 
0.010375 
0.010531 
0.010688 
0.010847 
0.011006 
0.011167 
0.011329 
0.011492 
0.011656 
0.011821 
0.011987 
0.012155 
0.012324 
0.012493 
0.012664 
0.012837 
0.013010 
0.013184 
0.013360 
0.013537 
0.013714 
0.013894 
0.014074 
0.014255 
0.014437 
0.014621 
0.014806 
0.014992 
0.015179 
0.015367 
0.015556 
0.015747 
0.015938 
0.016131 
0.016325 
0.016520 
0.016716 
0.016913 
0.017112 
0.017311 
0.017512 
0.017714 
0.017917 
0.018121 
0.018326 
0.018532 
0.018740 
0.018948 
0.019158 
0.019369 
0.019581 
0.019794 
0.020009 
0.020224 
0.020441 
0.020658 
0.020877 
0.021097 
0.021318 
0.021540 
0.021764 
0.021988 
0.022214 
0.022440 
0.022668 
0.022897 
0.023127 
0.023358 
0.023591 
0.023824 
0.024059 
0.024294 
0.024531 
0.024769 
0.025008 
0.025248 
0.025489 
0.025732 
0.025975 
0.026220 
0.026466 
0.026712 
0.026960 
0.027209 
0.027460 
0.027711 
0.027963 
0.028217 
0.028472 
0.028727 
0.028984 
0.029242 
0.029501 
0.029761 
0.030023 
0.030285 
0.030549 
0.030813 
0.031079 
0.031346 
0.031614 
0.031883 
0.032153 
0.032424 
0.032696 
0.032970 
0.033244 
0.033520 
0.033796 
0.034074 
0.034353 
0.034633 
0.034914 
0.035197 
0.035480 
0.035764 
0.036050 
0.036336 
0.036624 
0.036913 
0.037203 
0.037493 
0.037785 
0.038079 
0.038373 
0.038668 
0.038964 
0.039262 
0.039560 
0.039860 
0.040161 
0.040463 
0.040765 
0.041069 
0.041374 
0.041681 
0.041988 
0.042296 
0.042605 
0.042916 
0.043227 
0.043540 
0.043853 
0.044168 
0.044484 
0.044801 
0.045119 
0.045438 
0.045758 
0.046079 
0.046401 
0.046725 
0.047049 
0.047374 
0.047701 
0.048028 
0.048357 
0.048687 
0.049017 
0.049349 
0.049682 
0.050016 
0.050351 
0.050687 
0.051024 
0.051362 
0.051702 
0.052042 
0.052383 
0.052726 
0.053069 
0.053413 
0.053759 
0.054106 
0.054453 
0.054802 
0.055152 
0.055502 
0.055854 
0.056207 
0.056561 
0.056916 
0.057272 
0.057629 
0.057987 
0.058346 
0.058706 
0.059068 
0.059430 
0.059793 
0.060157 
0.060523 
0.060889 
0.061257 
0.061625 
0.061995 
0.062365 
0.062737 
0.063109 
0.063483 
0.063857 
0.064233 
0.064610 
0.064988 
0.065366 
0.065746 
0.066127 
0.066509 
0.066891 
0.067275 
0.067660 
0.068046 
0.068433 
0.068821 
0.069210 
0.069600 
0.069991 
0.070383 
0.070776 
0.071170 
0.071565 
0.071961 
0.072358 
0.072756 
0.073155 
0.073555 
0.073956 
0.074358 
0.074761 
0.075165 
0.075570 
0.075976 
0.076383 
0.076791 
0.077200 
0.077610 
0.078021 
0.078433 
0.078846 
0.079260 
0.079675 
0.080091 
0.080508 
0.080926 
0.081345 
0.081765 
0.082186 
0.082608 
0.083031 
0.083454 
0.083879 
0.084305 
0.084732 
0.085160 
0.085588 
0.086018 
0.086449 
0.086881 
0.087313 
0.087747 
0.088181 
0.088617 
0.089054 
0.089491 
0.089930 
0.090369 
0.090809 
0.091251 
0.091693 
0.092136 
0.092581 
0.093026 
0.093472 
0.093919 
0.094367 
0.094816 
0.095266 
0.095717 
0.096169 
0.096622 
0.097076 
0.097530 
0.097986 
0.098443 
0.098900 
0.099359 
0.099818 
0.100279 
0.100740 
0.101202 
0.101665 
0.102130 
0.102595 
0.103061 
0.103528 
0.103996 
0.104464 
0.104934 
0.105405 
0.105877 
0.106349 
0.106823 
0.107297 
0.107772 
0.108249 
0.108726 
0.109204 
0.109683 
0.110163 
0.110644 
0.111125 
0.111608 
0.112092 
0.112576 
0.113062 
0.113548 
0.114035 
0.114523 
0.115012 
0.115502 
0.115993 
0.116485 
0.116978 
0.117471 
0.117966 
0.118461 
0.118958 
0.119455 
0.119953 
0.120452 
0.120952 
0.121452 
0.121954 
0.122457 
0.122960 
0.123464 
0.123969 
0.124476 
0.124983 
0.125490 
0.125999 
0.126509 
0.127019 
0.127531 
0.128043 
0.128556 
0.129070 
0.129585 
0.130101 
0.130617 
0.131135 
0.131653 
0.132172 
0.132692 
0.133213 
0.133735 
0.134258 
0.134781 
0.135306 
0.135831 
0.136357 
0.136884 
0.137412 
0.137941 
0.138470 
0.139000 
0.139532 
0.140064 
0.140597 
0.141130 
0.141665 
0.142201 
0.142737 
0.143274 
0.143812 
0.144351 
0.144890 
0.145431 
0.145972 
0.146514 
0.147057 
0.147601 
0.148146 
0.148691 
0.149238 
0.149785 
0.150333 
0.150882 
0.151431 
0.151982 
0.152533 
0.153085 
0.153638 
0.154192 
0.154746 
0.155301 
0.155858 
0.156414 
0.156972 
0.157531 
0.158090 
0.158650 
0.159211 
0.159773 
0.160336 
0.160899 
0.161463 
0.162028 
0.162594 
0.163161 
0.163728 
0.164296 
0.164865 
0.165435 
0.166005 
0.166577 
0.167149 
0.167721 
0.168295 
0.168870 
0.169445 
0.170021 
0.170598 
0.171175 
0.171753 
0.172332 
0.172912 
0.173493 
0.174074 
0.174657 
0.175240 
0.175823 
0.176408 
0.176993 
0.177579 
0.178166 
0.178753 
0.179341 
0.179930 
0.180520 
0.181111 
0.181702 
0.182294 
0.182887 
0.183480 
0.184075 
0.184670 
0.185265 
0.185862 
0.186459 
0.187057 
0.187656 
0.188255 
0.188855 
0.189456 
0.190058 
0.190660 
0.191263 
0.191867 
0.192472 
0.193077 
0.193683 
0.194290 
0.194897 
0.195505 
0.196114 
0.196724 
0.197334 
0.197945 
0.198557 
0.199169 
0.199782 
0.200396 
0.201011 
0.201626 
0.202242 
0.202858 
0.203476 
0.204094 
0.204713 
0.205332 
0.205952 
0.206573 
0.207195 
0.207817 
0.208440 
0.209063 
0.209688 
0.210313 
0.210938 
0.211564 
0.212191 
0.212819 
0.213448 
0.214077 
0.214706 
0.215337 
0.215968 
0.216599 
0.217232 
0.217865 
0.218498 
0.219133 
0.219768 
0.220404 
0.221040 
0.221677 
0.222315 
0.222953 
0.223592 
0.224231 
0.224872 
0.225513 
0.226154 
0.226796 
0.227439 
0.228083 
0.228727 
0.229372 
0.230017 
0.230663 
0.231310 
0.231957 
0.232605 
0.233254 
0.233903 
0.234553 
0.235203 
0.235854 
0.236506 
0.237158 
0.237811 
0.238465 
0.239119 
0.239774 
0.240429 
0.241085 
0.241742 
0.242399 
0.243057 
0.243715 
0.244374 
0.245034 
0.245694 
0.246355 
0.247016 
0.247678 
0.248341 
0.249004 
0.249668 
0.250332 
0.250997 
0.251663 
0.252329 
0.252996 
0.253663 
0.254331 
0.254999 
0.255668 
0.256338 
0.257008 
0.257679 
0.258350 
0.259022 
0.259695 
0.260368 
0.261041 
0.261716 
0.262390 
0.263066 
0.263741 
0.264418 
0.265095 
0.265772 
0.266450 
0.267129 
0.267808 
0.268488 
0.269168 
0.269849 
0.270530 
0.271212 
0.271895 
0.272578 
0.273261 
0.273945 
0.274630 
0.275315 
0.276000 
0.276687 
0.277373 
0.278060 
0.278748 
0.279436 
0.280125 
0.280814 
0.281504 
0.282194 
0.282885 
0.283577 
0.284269 
0.284961 
0.285654 
0.286347 
0.287041 
0.287735 
0.288430 
0.289126 
0.289821 
0.290518 
0.291215 
0.291912 
0.292610 
0.293308 
0.294007 
0.294706 
0.295406 
0.296106 
0.296807 
0.297508 
0.298210 
0.298912 
0.299615 
0.300318 
0.301021 
0.301725 
0.302430 
0.303135 
0.303840 
0.304546 
0.305253 
0.305959 
0.306667 
0.307374 
0.308083 
0.308791 
0.309500 
0.310210 
0.310920 
0.311630 
0.312341 
0.313052 
0.313764 
0.314476 
0.315189 
0.315902 
0.316616 
0.317330 
0.318044 
0.318759 
0.319474 
0.320189 
0.320906 
0.321622 
0.322339 
0.323056 
0.323774 
0.324492 
0.325211 
0.325930 
0.326649 
0.327369 
0.328089 
0.328810 
0.329531 
0.330252 
0.330974 
0.331696 
0.332419 
0.333142 
0.333865 
0.334589 
0.335313 
0.336038 
0.336763 
0.337488 
0.338214 
0.338940 
0.339666 
0.340393 
0.341120 
0.341848 
0.342576 
0.343304 
0.344033 
0.344762 
0.345492 
0.346221 
0.346951 
0.347682 
0.348413 
0.349144 
0.349876 
0.350608 
0.351340 
0.352073 
0.352806 
0.353539 
0.354273 
0.355007 
0.355741 
0.356476 
0.357211 
0.357946 
0.358682 
0.359418 
0.360155 
0.360891 
0.361628 
0.362366 
0.363103 
0.363841 
0.364580 
0.365318 
0.366057 
0.366797 
0.367536 
0.368276 
0.369016 
0.369757 
0.370498 
0.371239 
0.371980 
0.372722 
0.373464 
0.374207 
0.374949 
0.375692 
0.376435 
0.377179 
0.377923 
0.378667 
0.379411 
0.380156 
0.380901 
0.381646 
0.382392 
0.383137 
0.383884 
0.384630 
0.385376 
0.386123 
0.386871 
0.387618 
0.388366 
0.389114 
0.389862 
0.390610 
0.391359 
0.392108 
0.392857 
0.393607 
0.394356 
0.395106 
0.395857 
0.396607 
0.397358 
0.398109 
0.398860 
0.399611 
0.400363 
0.401115 
0.401867 
0.402619 
0.403372 
0.404125 
0.404878 
0.405631 
0.406385 
0.407138 
0.407892 
0.408647 
0.409401 
0.410155 
0.410910 
0.411665 
0.412420 
0.413176 
0.413932 
0.414687 
0.415443 
0.416200 
0.416956 
0.417713 
0.418469 
0.419226 
0.419984 
0.420741 
0.421499 
0.422256 
0.423014 
0.423772 
0.424531 
0.425289 
0.426048 
0.426807 
0.427566 
0.428325 
0.429084 
0.429844 
0.430603 
0.431363 
0.432123 
0.432883 
0.433644 
0.434404 
0.435165 
0.435926 
0.436687 
0.437448 
0.438209 
0.438970 
0.439732 
0.440493 
0.441255 
0.442017 
0.442779 
0.443541 
0.444304 
0.445066 
0.445829 
0.446591 
0.447354 
0.448117 
0.448880 
0.449644 
0.450407 
0.451170 
0.451934 
0.452698 
0.453461 
0.454225 
0.454989 
0.455753 
0.456518 
0.457282 
0.458046 
0.458811 
0.459576 
0.460340 
0.461105 
0.461870 
0.462635 
0.463400 
0.464165 
0.464930 
0.465696 
0.466461 
0.467227 
0.467992 
0.468758 
0.469524 
0.470289 
0.471055 
0.471821 
0.472587 
0.473353 
0.474119 
0.474886 
0.475652 
0.476418 
0.477184 
0.477951 
0.478717 
0.479484 
0.480250 
0.481017 
0.481784 
0.482550 
0.483317 
0.484084 
0.484851 
0.485617 
0.486384 
0.487151 
0.487918 
0.488685 
0.489452 
0.490219 
0.490986 
0.491753 
0.492520 
0.493287 
0.494055 
0.494822 
0.495589 
0.496356 
0.497123 
0.497890 
0.498657 
0.499425 
0.500192 
0.500959 
0.501726 
0.502493 
0.503260 
0.504028 
0.504795 
0.505562 
0.506329 
0.507096 
0.507863 
0.508630 
0.509397 
0.510164 
0.510931 
0.511698 
0.512465 
0.513232 
0.513999 
0.514766 
0.515533 
0.516300 
0.517066 
0.517833 
0.518600 
0.519366 
0.520133 
0.520899 
0.521666 
0.522432 
0.523199 
0.523965 
0.524731 
0.525498 
0.526264 
0.527030 
0.527796 
0.528562 
0.529328 
0.530094 
0.530859 
0.531625 
0.532391 
0.533156 
0.533922 
0.534687 
0.535452 
0.536217 
0.536982 
0.537748 
0.538513 
0.539277 
0.540042 
0.540807 
0.541571 
0.542336 
0.543100 
0.543864 
0.544629 
0.545393 
0.546157 
0.546920 
0.547684 
0.548448 
0.549211 
0.549975 
0.550738 
0.551501 
0.552264 
0.553027 
0.553790 
0.554553 
0.555315 
0.556078 
0.556840 
0.557602 
0.558364 
0.559126 
0.559888 
0.560649 
0.561411 
0.562172 
0.562933 
0.563694 
0.564455 
0.565216 
0.565976 
0.566737 
0.567497 
0.568257 
0.569017 
0.569776 
0.570536 
0.571295 
0.572055 
0.572814 
0.573573 
0.574332 
0.575090 
0.575848 
0.576607 
0.577365 
0.578122 
0.578880 
0.579638 
0.580395 
0.581152 
0.581909 
0.582666 
0.583422 
0.584179 
0.584935 
0.585691 
0.586446 
0.587202 
0.587957 
0.588712 
0.589467 
0.590222 
0.590976 
0.591731 
0.592485 
0.593238 
0.593992 
0.594746 
0.595499 
0.596252 
0.597004 
0.597757 
0.598509 
0.599261 
0.600013 
0.600764 
0.601516 
0.602267 
0.603018 
0.603768 
0.604519 
0.605269 
0.606019 
0.606768 
0.607517 
0.608267 
0.609015 
0.609764 
0.610512 
0.611260 
0.612008 
0.612756 
0.613503 
0.614250 
0.614997 
0.615743 
0.616490 
0.617235 
0.617981 
0.618726 
0.619472 
0.620216 
0.620961 
0.621705 
0.622449 
0.623193 
0.623936 
0.624679 
0.625422 
0.626165 
0.626907 
0.627649 
0.628390 
0.629132 
0.629873 
0.630613 
0.631354 
0.632094 
0.632834 
0.633573 
0.634312 
0.635051 
0.635789 
0.636528 
0.637266 
0.638003 
0.638740 
0.639477 
0.640214 
0.640950 
0.641686 
0.642421 
0.643157 
0.643892 
0.644626 
0.645360 
0.646094 
0.646828 
0.647561 
0.648294 
0.649026 
0.649758 
0.650490 
0.651222 
0.651953 
0.652683 
0.653414 
0.654144 
0.654873 
0.655603 
0.656331 
0.657060 
0.657788 
0.658516 
0.659243 
0.659970 
0.660697 
0.661423 
0.662149 
0.662875 
0.663600 
0.664325 
0.665049 
0.665773 
0.666497 
0.667220 
0.667943 
0.668665 
0.669387 
0.670109 
0.670830 
0.671551 
0.672271 
0.672991 
0.673711 
0.674430 
0.675149 
0.675867 
0.676585 
0.677302 
0.678020 
0.678736 
0.679453 
0.680168 
0.680884 
0.681599 
0.682313 
0.683028 
0.683741 
0.684455 
0.685167 
0.685880 
0.686592 
0.687303 
0.688014 
0.688725 
0.689435 
0.690145 
0.690854 
0.691563 
0.692272 
0.692980 
0.693687 
0.694394 
0.695101 
0.695807 
0.696513 
0.697218 
0.697922 
0.698627 
0.699331 
0.700034 
0.700737 
0.701439 
0.702141 
0.702843 
0.703543 
0.704244 
0.704944 
0.705644 
0.706343 
0.707041 
0.707739 
0.708437 
0.709134 
0.709830 
0.710527 
0.711222 
0.711917 
0.712612 
0.713306 
0.714000 
0.714693 
0.715385 
0.716077 
0.716769 
0.717460 
0.718151 
0.718841 
0.719530 
0.720219 
0.720908 
0.721596 
0.722283 
0.722970 
0.723657 
0.724342 
0.725028 
0.725713 
0.726397 
0.727081 
0.727764 
0.728447 
0.729129 
0.729810 
0.730491 
0.731172 
0.731852 
0.732531 
0.733210 
0.733889 
0.734566 
0.735244 
0.735920 
0.736597 
0.737272 
0.737947 
0.738621 
0.739295 
0.739969 
0.740641 
0.741314 
0.741985 
0.742656 
0.743327 
0.743997 
0.744666 
0.745335 
0.746003 
0.746671 
0.747338 
0.748004 
0.748670 
0.749335 
0.750000 
0.750664 
0.751328 
0.751990 
0.752653 
0.753315 
0.753976 
0.754636 
0.755296 
0.755956 
0.756614 
0.757272 
0.757930 
0.758587 
0.759243 
0.759899 
0.760554 
0.761208 
0.761862 
0.762515 
0.763168 
0.763820 
0.764472 
0.765122 
0.765772 
0.766422 
0.767071 
0.767719 
0.768367 
0.769014 
0.769660 
0.770306 
0.770951 
0.771595 
0.772239 
0.772882 
0.773525 
0.774167 
0.774808 
0.775448 
0.776088 
0.776728 
0.777366 
0.778004 
0.778642 
0.779278 
0.779914 
0.780550 
0.781184 
0.781819 
0.782452 
0.783085 
0.783717 
0.784348 
0.784979 
0.785609 
0.786238 
0.786867 
0.787495 
0.788122 
0.788749 
0.789375 
0.790000 
0.790625 
0.791249 
0.791872 
0.792494 
0.793116 
0.793737 
0.794358 
0.794978 
0.795597 
0.796215 
0.796833 
0.797450 
0.798066 
0.798682 
0.799297 
0.799911 
0.800524 
0.801137 
0.801749 
0.802361 
0.802971 
0.803581 
0.804191 
0.804799 
0.805407 
0.806014 
0.806620 
0.807226 
0.807831 
0.808435 
0.809038 
0.809641 
0.810243 
0.810844 
0.811445 
0.812045 
0.812644 
0.813242 
0.813840 
0.814437 
0.815033 
0.815628 
0.816223 
0.816817 
0.817410 
0.818002 
0.818594 
0.819185 
0.819775 
0.820364 
0.820953 
0.821541 
0.822128 
0.822714 
0.823300 
0.823885 
0.824469 
0.825052 
0.825635 
0.826216 
0.826797 
0.827378 
0.827957 
0.828536 
0.829114 
0.829691 
0.830267 
0.830843 
0.831418 
0.831992 
0.832565 
0.833138 
0.833709 
0.834280 
0.834850 
0.835420 
0.835988 
0.836556 
0.837123 
0.837689 
0.838254 
0.838819 
0.839383 
0.839946 
0.840508 
0.841069 
0.841630 
0.842190 
0.842749 
0.843307 
0.843864 
0.844421 
0.844976 
0.845531 
0.846085 
0.846639 
0.847191 
0.847743 
0.848294 
0.848844 
0.849393 
0.849941 
0.850489 
0.851036 
0.851581 
0.852127 
0.852671 
0.853214 
0.853757 
0.854299 
0.854839 
0.855379 
0.855919 
0.856457 
0.856995 
0.857531 
0.858067 
0.858602 
0.859137 
0.859670 
0.860202 
0.860734 
0.861265 
0.861795 
0.862324 
0.862852 
0.863380 
0.863906 
0.864432 
0.864957 
0.865481 
0.866004 
0.866526 
0.867047 
0.867568 
0.868087 
0.868606 
0.869124 
0.869641 
0.870157 
0.870673 
0.871187 
0.871701 
0.872213 
0.872725 
0.873236 
0.873746 
0.874255 
0.874764 
0.875271 
0.875778 
0.876283 
0.876788 
0.877292 
0.877795 
0.878297 
0.878798 
0.879298 
0.879798 
0.880296 
0.880794 
0.881291 
0.881787 
0.882282 
0.882776 
0.883269 
0.883761 
0.884252 
0.884743 
0.885232 
0.885721 
0.886208 
0.886695 
0.887181 
0.887666 
0.888150 
0.888633 
0.889116 
0.889597 
0.890077 
0.890557 
0.891035 
0.891513 
0.891990 
0.892465 
0.892940 
0.893414 
0.893887 
0.894359 
0.894831 
0.895301 
0.895770 
0.896238 
0.896706 
0.897172 
0.897638 
0.898103 
0.898566 
0.899029 
0.899491 
0.899952 
0.900412 
0.900871 
0.901329 
0.901786 
0.902242 
0.902697 
0.903151 
0.903605 
0.904057 
0.904509 
0.904959 
0.905409 
0.905857 
0.906305 
0.906751 
0.907197 
0.907642 
0.908085 
0.908528 
0.908970 
0.909411 
0.909851 
0.910290 
0.910728 
0.911165 
0.911601 
0.912036 
0.912470 
0.912903 
0.913335 
0.913767 
0.914197 
0.914626 
0.915054 
0.915482 
0.915908 
0.916333 
0.916758 
0.917181 
0.917603 
0.918025 
0.918445 
0.918865 
0.919283 
0.919701 
0.920117 
0.920532 
0.920947 
0.921360 
0.921773 
0.922184 
0.922595 
0.923005 
0.923413 
0.923821 
0.924227 
0.924633 
0.925037 
0.925441 
0.925843 
0.926245 
0.926645 
0.927045 
0.927444 
0.927841 
0.928238 
0.928633 
0.929028 
0.929421 
0.929814 
0.930205 
0.930595 
0.930985 
0.931373 
0.931761 
0.932147 
0.932532 
0.932917 
0.933300 
0.933682 
0.934064 
0.934444 
0.934823 
0.935201 
0.935579 
0.935955 
0.936330 
0.936704 
0.937077 
0.937449 
0.937820 
0.938190 
0.938559 
0.938927 
0.939294 
0.939660 
0.940025 
0.940389 
0.940751 
0.941113 
0.941474 
0.941833 
0.942192 
0.942550 
0.942906 
0.943262 
0.943616 
0.943969 
0.944322 
0.944673 
0.945023 
0.945373 
0.945721 
0.946068 
0.946414 
0.946759 
0.947103 
0.947446 
0.947788 
0.948128 
0.948468 
0.948807 
0.949144 
0.949481 
0.949817 
0.950151 
0.950484 
0.950817 
0.951148 
0.951478 
0.951807 
0.952135 
0.952463 
0.952788 
0.953113 
0.953437 
0.953760 
0.954082 
0.954402 
0.954722 
0.955040 
0.955358 
0.955674 
0.955989 
0.956303 
0.956617 
0.956929 
0.957240 
0.957549 
0.957858 
0.958166 
0.958473 
0.958778 
0.959083 
0.959386 
0.959688 
0.959990 
0.960290 
0.960589 
0.960887 
0.961184 
0.961480 
0.961774 
0.962068 
0.962361 
0.962652 
0.962943 
0.963232 
0.963520 
0.963807 
0.964093 
0.964378 
0.964662 
0.964945 
0.965226 
0.965507 
0.965786 
0.966065 
0.966342 
0.966618 
0.966893 
0.967167 
0.967440 
0.967712 
0.967983 
0.968252 
0.968521 
0.968788 
0.969054 
0.969319 
0.969583 
0.969846 
0.970108 
0.970369 
0.970628 
0.970887 
0.971144 
0.971401 
0.971656 
0.971910 
0.972163 
0.972415 
0.972666 
0.972915 
0.973164 
0.973411 
0.973657 
0.973903 
0.974147 
0.974390 
0.974631 
0.974872 
0.975112 
0.975350 
0.975587 
0.975824 
0.976059 
0.976293 
0.976526 
0.976757 
0.976988 
0.977218 
0.977446 
0.977673 
0.977899 
0.978124 
0.978348 
0.978571 
0.978793 
0.979013 
0.979232 
0.979451 
0.979668 
0.979884 
0.980099 
0.980312 
0.980525 
0.980736 
0.980947 
0.981156 
0.981364 
0.981571 
0.981777 
0.981981 
0.982185 
0.982387 
0.982589 
0.982789 
0.982988 
0.983186 
0.983382 
0.983578 
0.983772 
0.983966 
0.984158 
0.984349 
0.984539 
0.984727 
0.984915 
0.985101 
0.985287 
0.985471 
0.985654 
0.985836 
0.986017 
0.986196 
0.986375 
0.986552 
0.986728 
0.986903 
0.987077 
0.987250 
0.987421 
0.987592 
0.987761 
0.987929 
0.988096 
0.988262 
0.988427 
0.988590 
0.988752 
0.988914 
0.989074 
0.989233 
0.989390 
0.989547 
0.989703 
0.989857 
0.990010 
0.990162 
0.990313 
0.990463 
0.990611 
0.990759 
0.990905 
0.991050 
0.991194 
0.991337 
0.991478 
0.991619 
0.991758 
0.991896 
0.992033 
0.992169 
0.992304 
0.992437 
0.992570 
0.992701 
0.992831 
0.992960 
0.993087 
0.993214 
0.993339 
0.993463 
0.993587 
0.993708 
0.993829 
0.993949 
0.994067 
0.994184 
0.994300 
0.994415 
0.994529 
0.994642 
0.994753 
0.994863 
0.994973 
0.995080 
0.995187 
0.995293 
0.995397 
0.995501 
0.995603 
0.995704 
0.995803 
0.995902 
0.995999 
0.996096 
0.996191 
0.996285 
0.996378 
0.996469 
0.996560 
0.996649 
0.996737 
0.996824 
0.996910 
0.996994 
0.997078 
0.997160 
0.997241 
0.997321 
0.997399 
0.997477 
0.997553 
0.997629 
0.997703 
0.997776 
0.997847 
0.997918 
0.997987 
0.998055 
0.998122 
0.998188 
0.998253 
0.998316 
0.998379 
0.998440 
0.998500 
0.998559 
0.998616 
0.998673 
0.998728 
0.998782 
0.998835 
0.998887 
0.998937 
0.998987 
0.999035 
0.999082 
0.999128 
0.999173 
0.999216 
0.999258 
0.999300 
0.999340 
0.999378 
0.999416 
0.999453 
0.999488 
0.999522 
0.999555 
0.999587 
0.999617 
0.999647 
0.999675 
0.999702 
0.999728 
0.999753 
0.999776 
0.999799 
0.999820 
0.999840 
0.999859 
0.999876 
0.999893 
0.999908 
0.999922 
0.999935 
0.999947 
0.999957 
0.999967 
0.999975 
0.999982 
0.999988 
0.999993 
0.999996 
0.999999 
1.000000 
1.000000 
0.999999 
0.999996 
0.999993 
0.999988 
0.999982 
0.999975 
0.999967 
0.999957 
0.999947 
0.999935 
0.999922 
0.999908 
0.999893 
0.999876 
0.999859 
0.999840 
0.999820 
0.999799 
0.999776 
0.999753 
0.999728 
0.999702 
0.999675 
0.999647 
0.999617 
0.999587 
0.999555 
0.999522 
0.999488 
0.999453 
0.999416 
0.999378 
0.999340 
0.999300 
0.999258 
0.999216 
0.999173 
0.999128 
0.999082 
0.999035 
0.998987 
0.998937 
0.998887 
0.998835 
0.998782 
0.998728 
0.998673 
0.998616 
0.998559 
0.998500 
0.998440 
0.998379 
0.998316 
0.998253 
0.998188 
0.998122 
0.998055 
0.997987 
0.997918 
0.997847 
0.997776 
0.997703 
0.997629 
0.997553 
0.997477 
0.997399 
0.997321 
0.997241 
0.997160 
0.997078 
0.996994 
0.996910 
0.996824 
0.996737 
0.996649 
0.996560 
0.996469 
0.996377 
0.996285 
0.996191 
0.996096 
0.995999 
0.995902 
0.995803 
0.995704 
0.995603 
0.995501 
0.995397 
0.995293 
0.995187 
0.995080 
0.994973 
0.994863 
0.994753 
0.994642 
0.994529 
0.994415 
0.994300 
0.994184 
0.994067 
0.993949 
0.993829 
0.993708 
0.993587 
0.993463 
0.993339 
0.993214 
0.993087 
0.992960 
0.992831 
0.992701 
0.992570 
0.992437 
0.992304 
0.992169 
0.992033 
0.991896 
0.991758 
0.991619 
0.991478 
0.991337 
0.991194 
0.991050 
0.990905 
0.990759 
0.990611 
0.990463 
0.990313 
0.990162 
0.990010 
0.989857 
0.989703 
0.989547 
0.989390 
0.989233 
0.989074 
0.988914 
0.988752 
0.988590 
0.988427 
0.988262 
0.988096 
0.987929 
0.987761 
0.987592 
0.987421 
0.987250 
0.987077 
0.986903 
0.986728 
0.986552 
0.986375 
0.986196 
0.986017 
0.985836 
0.985654 
0.985471 
0.985287 
0.985101 
0.984915 
0.984727 
0.984539 
0.984349 
0.984158 
0.983966 
0.983772 
0.983578 
0.983382 
0.983186 
0.982988 
0.982789 
0.982589 
0.982387 
0.982185 
0.981981 
0.981777 
0.981571 
0.981364 
0.981156 
0.980947 
0.980736 
0.980525 
0.980312 
0.980099 
0.979884 
0.979668 
0.979451 
0.979232 
0.979013 
0.978793 
0.978571 
0.978348 
0.978124 
0.977899 
0.977673 
0.977446 
0.977218 
0.976988 
0.976757 
0.976526 
0.976293 
0.976059 
0.975824 
0.975587 
0.975350 
0.975112 
0.974872 
0.974631 
0.974390 
0.974147 
0.973903 
0.973657 
0.973411 
0.973164 
0.972915 
0.972666 
0.972415 
0.972163 
0.971910 
0.971656 
0.971401 
0.971144 
0.970887 
0.970628 
0.970369 
0.970108 
0.969846 
0.969583 
0.969319 
0.969054 
0.968788 
0.968521 
0.968252 
0.967983 
0.967712 
0.967440 
0.967167 
0.966893 
0.966618 
0.966342 
0.966065 
0.965786 
0.965507 
0.965226 
0.964945 
0.964662 
0.964378 
0.964093 
0.963807 
0.963520 
0.963232 
0.962943 
0.962652 
0.962361 
0.962068 
0.961774 
0.961480 
0.961184 
0.960887 
0.960589 
0.960290 
0.959990 
0.959688 
0.959386 
0.959083 
0.958778 
0.958473 
0.958166 
0.957858 
0.957549 
0.957240 
0.956929 
0.956617 
0.956303 
0.955989 
0.955674 
0.955358 
0.955040 
0.954722 
0.954402 
0.954082 
0.953760 
0.953437 
0.953113 
0.952788 
0.952462 
0.952136 
0.951807 
0.951478 
0.951148 
0.950817 
0.950484 
0.950151 
0.949817 
0.949481 
0.949144 
0.948807 
0.948468 
0.948128 
0.947788 
0.947446 
0.947103 
0.946759 
0.946414 
0.946068 
0.945721 
0.945373 
0.945023 
0.944673 
0.944322 
0.943969 
0.943616 
0.943262 
0.942906 
0.942550 
0.942192 
0.941833 
0.941474 
0.941113 
0.940751 
0.940389 
0.940025 
0.939660 
0.939294 
0.938927 
0.938559 
0.938190 
0.937820 
0.937449 
0.937077 
0.936704 
0.936330 
0.935955 
0.935579 
0.935201 
0.934823 
0.934444 
0.934064 
0.933682 
0.933300 
0.932917 
0.932532 
0.932147 
0.931761 
0.931373 
0.930985 
0.930595 
0.930205 
0.929814 
0.929421 
0.929028 
0.928633 
0.928237 
0.927841 
0.927444 
0.927045 
0.926645 
0.926245 
0.925843 
0.925441 
0.925037 
0.924633 
0.924227 
0.923821 
0.923413 
0.923005 
0.922595 
0.922184 
0.921773 
0.921360 
0.920947 
0.920532 
0.920117 
0.919701 
0.919283 
0.918865 
0.918445 
0.918025 
0.917603 
0.917181 
0.916758 
0.916333 
0.915908 
0.915482 
0.915054 
0.914626 
0.914197 
0.913767 
0.913335 
0.912903 
0.912470 
0.912036 
0.911601 
0.911165 
0.910728 
0.910290 
0.909851 
0.909411 
0.908970 
0.908528 
0.908085 
0.907642 
0.907197 
0.906751 
0.906305 
0.905857 
0.905409 
0.904959 
0.904508 
0.904057 
0.903605 
0.903151 
0.902697 
0.902242 
0.901786 
0.901329 
0.900871 
0.900412 
0.899952 
0.899491 
0.899029 
0.898566 
0.898103 
0.897638 
0.897172 
0.896706 
0.896238 
0.895770 
0.895301 
0.894831 
0.894359 
0.893887 
0.893414 
0.892940 
0.892465 
0.891990 
0.891513 
0.891035 
0.890557 
0.890077 
0.889597 
0.889116 
0.888633 
0.888150 
0.887666 
0.887181 
0.886695 
0.886208 
0.885721 
0.885232 
0.884743 
0.884252 
0.883761 
0.883269 
0.882776 
0.882281 
0.881787 
0.881291 
0.880794 
0.880296 
0.879798 
0.879298 
0.878798 
0.878297 
0.877795 
0.877292 
0.876788 
0.876283 
0.875778 
0.875271 
0.874764 
0.874255 
0.873746 
0.873236 
0.872725 
0.872213 
0.871701 
0.871187 
0.870673 
0.870157 
0.869641 
0.869124 
0.868606 
0.868088 
0.867568 
0.867047 
0.866526 
0.866004 
0.865481 
0.864957 
0.864432 
0.863906 
0.863380 
0.862852 
0.862324 
0.861795 
0.861265 
0.860734 
0.860202 
0.859670 
0.859137 
0.858602 
0.858067 
0.857531 
0.856995 
0.856457 
0.855919 
0.855380 
0.854839 
0.854299 
0.853757 
0.853214 
0.852671 
0.852126 
0.851581 
0.851036 
0.850489 
0.849941 
0.849393 
0.848844 
0.848294 
0.847743 
0.847191 
0.846639 
0.846085 
0.845531 
0.844976 
0.844421 
0.843864 
0.843307 
0.842749 
0.842190 
0.841630 
0.841069 
0.840508 
0.839946 
0.839383 
0.838819 
0.838254 
0.837689 
0.837123 
0.836556 
0.835988 
0.835420 
0.834850 
0.834280 
0.833709 
0.833138 
0.832565 
0.831992 
0.831418 
0.830843 
0.830267 
0.829691 
0.829114 
0.828536 
0.827957 
0.827378 
0.826797 
0.826216 
0.825635 
0.825052 
0.824469 
0.823885 
0.823300 
0.822714 
0.822128 
0.821541 
0.820953 
0.820364 
0.819775 
0.819185 
0.818594 
0.818002 
0.817410 
0.816817 
0.816223 
0.815628 
0.815033 
0.814436 
0.813840 
0.813242 
0.812644 
0.812045 
0.811445 
0.810844 
0.810243 
0.809641 
0.809038 
0.808435 
0.807831 
0.807226 
0.806620 
0.806014 
0.805407 
0.804799 
0.804190 
0.803581 
0.802971 
0.802361 
0.801749 
0.801137 
0.800524 
0.799911 
0.799297 
0.798682 
0.798066 
0.797450 
0.796833 
0.796215 
0.795597 
0.794978 
0.794358 
0.793737 
0.793116 
0.792494 
0.791872 
0.791249 
0.790625 
0.790000 
0.789375 
0.788749 
0.788122 
0.787495 
0.786867 
0.786238 
0.785609 
0.784979 
0.784348 
0.783717 
0.783085 
0.782452 
0.781818 
0.781185 
0.780550 
0.779914 
0.779278 
0.778642 
0.778004 
0.777366 
0.776728 
0.776088 
0.775449 
0.774808 
0.774167 
0.773525 
0.772882 
0.772239 
0.771595 
0.770951 
0.770306 
0.769660 
0.769014 
0.768367 
0.767719 
0.767071 
0.766422 
0.765772 
0.765122 
0.764471 
0.763820 
0.763168 
0.762515 
0.761862 
0.761208 
0.760554 
0.759899 
0.759243 
0.758587 
0.757930 
0.757272 
0.756614 
0.755955 
0.755296 
0.754636 
0.753976 
0.753315 
0.752653 
0.751991 
0.751328 
0.750664 
0.750000 
0.749335 
0.748670 
0.748004 
0.747338 
0.746671 
0.746003 
0.745335 
0.744666 
0.743997 
0.743327 
0.742656 
0.741985 
0.741314 
0.740641 
0.739969 
0.739295 
0.738621 
0.737947 
0.737272 
0.736597 
0.735920 
0.735244 
0.734566 
0.733889 
0.733210 
0.732531 
0.731852 
0.731172 
0.730492 
0.729810 
0.729129 
0.728447 
0.727764 
0.727081 
0.726397 
0.725713 
0.725028 
0.724343 
0.723657 
0.722970 
0.722283 
0.721596 
0.720908 
0.720219 
0.719530 
0.718841 
0.718151 
0.717460 
0.716769 
0.716077 
0.715385 
0.714693 
0.714000 
0.713306 
0.712612 
0.711917 
0.711222 
0.710527 
0.709830 
0.709134 
0.708437 
0.707739 
0.707041 
0.706343 
0.705644 
0.704944 
0.704244 
0.703543 
0.702843 
0.702141 
0.701439 
0.700737 
0.700034 
0.699331 
0.698627 
0.697922 
0.697218 
0.696513 
0.695807 
0.695101 
0.694394 
0.693687 
0.692980 
0.692272 
0.691563 
0.690854 
0.690145 
0.689435 
0.688725 
0.688014 
0.687303 
0.686592 
0.685880 
0.685167 
0.684454 
0.683741 
0.683028 
0.682313 
0.681599 
0.680884 
0.680168 
0.679453 
0.678736 
0.678019 
0.677302 
0.676585 
0.675867 
0.675148 
0.674430 
0.673711 
0.672991 
0.672271 
0.671551 
0.670830 
0.670109 
0.669387 
0.668665 
0.667943 
0.667220 
0.666497 
0.665773 
0.665049 
0.664325 
0.663600 
0.662875 
0.662149 
0.661423 
0.660697 
0.659970 
0.659243 
0.658516 
0.657788 
0.657060 
0.656331 
0.655602 
0.654873 
0.654144 
0.653414 
0.652683 
0.651953 
0.651222 
0.650490 
0.649758 
0.649026 
0.648294 
0.647561 
0.646828 
0.646094 
0.645360 
0.644626 
0.643892 
0.643157 
0.642421 
0.641686 
0.640950 
0.640214 
0.639477 
0.638740 
0.638003 
0.637266 
0.636528 
0.635789 
0.635051 
0.634312 
0.633573 
0.632833 
0.632094 
0.631354 
0.630613 
0.629873 
0.629131 
0.628390 
0.627649 
0.626907 
0.626164 
0.625422 
0.624679 
0.623936 
0.623193 
0.622449 
0.621705 
0.620961 
0.620216 
0.619471 
0.618727 
0.617981 
0.617235 
0.616489 
0.615743 
0.614997 
0.614250 
0.613503 
0.612756 
0.612008 
0.611261 
0.610512 
0.609764 
0.609016 
0.608267 
0.607518 
0.606768 
0.606018 
0.605269 
0.604519 
0.603768 
0.603018 
0.602267 
0.601516 
0.600764 
0.600013 
0.599261 
0.598509 
0.597757 
0.597004 
0.596251 
0.595499 
0.594746 
0.593992 
0.593238 
0.592485 
0.591731 
0.590976 
0.590222 
0.589467 
0.588712 
0.587957 
0.587202 
0.586446 
0.585690 
0.584935 
0.584179 
0.583422 
0.582666 
0.581909 
0.581152 
0.580395 
0.579638 
0.578880 
0.578123 
0.577365 
0.576607 
0.575848 
0.575090 
0.574332 
0.573573 
0.572814 
0.572055 
0.571296 
0.570536 
0.569776 
0.569017 
0.568257 
0.567497 
0.566736 
0.565976 
0.565215 
0.564455 
0.563694 
0.562933 
0.562172 
0.561411 
0.560649 
0.559888 
0.559126 
0.558364 
0.557602 
0.556840 
0.556077 
0.555315 
0.554553 
0.553790 
0.553027 
0.552264 
0.551501 
0.550738 
0.549975 
0.549211 
0.548448 
0.547684 
0.546921 
0.546157 
0.545393 
0.544629 
0.543865 
0.543100 
0.542336 
0.541571 
0.540807 
0.540042 
0.539277 
0.538512 
0.537748 
0.536983 
0.536217 
0.535452 
0.534687 
0.533922 
0.533156 
0.532391 
0.531625 
0.530859 
0.530094 
0.529328 
0.528562 
0.527796 
0.527030 
0.526264 
0.525498 
0.524731 
0.523965 
0.523199 
0.522432 
0.521666 
0.520899 
0.520133 
0.519366 
0.518600 
0.517833 
0.517066 
0.516300 
0.515533 
0.514766 
0.513999 
0.513232 
0.512465 
0.511698 
0.510931 
0.510164 
0.509397 
0.508630 
0.507863 
0.507096 
0.506329 
0.505562 
0.504795 
0.504028 
0.503261 
0.502493 
0.501726 
0.500959 
0.500192 
0.499425 
0.498657 
0.497890 
0.497123 
0.496356 
0.495589 
0.494822 
0.494054 
0.493287 
0.492520 
0.491753 
0.490986 
0.490219 
0.489452 
0.488685 
0.487918 
0.487151 
0.486384 
0.485617 
0.484851 
0.484084 
0.483317 
0.482550 
0.481784 
0.481017 
0.480250 
0.479484 
0.478717 
0.477951 
0.477184 
0.476418 
0.475652 
0.474886 
0.474119 
0.473353 
0.472587 
0.471821 
0.471055 
0.470289 
0.469523 
0.468758 
0.467992 
0.467227 
0.466461 
0.465696 
0.464931 
0.464165 
0.463400 
0.462635 
0.461870 
0.461105 
0.460340 
0.459575 
0.458811 
0.458046 
0.457282 
0.456518 
0.455753 
0.454989 
0.454225 
0.453461 
0.452698 
0.451934 
0.451170 
0.450407 
0.449644 
0.448880 
0.448117 
0.447354 
0.446591 
0.445829 
0.445066 
0.444304 
0.443541 
0.442779 
0.442017 
0.441255 
0.440493 
0.439732 
0.438970 
0.438209 
0.437448 
0.436686 
0.435925 
0.435165 
0.434404 
0.433644 
0.432883 
0.432123 
0.431363 
0.430603 
0.429844 
0.429084 
0.428325 
0.427566 
0.426807 
0.426048 
0.425289 
0.424531 
0.423772 
0.423014 
0.422256 
0.421499 
0.420741 
0.419984 
0.419226 
0.418469 
0.417713 
0.416956 
0.416200 
0.415443 
0.414687 
0.413932 
0.413176 
0.412420 
0.411665 
0.410910 
0.410156 
0.409401 
0.408646 
0.407892 
0.407138 
0.406385 
0.405631 
0.404878 
0.404125 
0.403372 
0.402619 
0.401867 
0.401115 
0.400363 
0.399611 
0.398860 
0.398109 
0.397358 
0.396607 
0.395857 
0.395106 
0.394356 
0.393607 
0.392857 
0.392108 
0.391359 
0.390610 
0.389862 
0.389114 
0.388366 
0.387618 
0.386871 
0.386123 
0.385376 
0.384630 
0.383884 
0.383137 
0.382392 
0.381646 
0.380901 
0.380156 
0.379411 
0.378667 
0.377923 
0.377179 
0.376435 
0.375692 
0.374949 
0.374207 
0.373464 
0.372722 
0.371980 
0.371239 
0.370498 
0.369757 
0.369016 
0.368276 
0.367536 
0.366797 
0.366057 
0.365318 
0.364580 
0.363841 
0.363103 
0.362366 
0.361628 
0.360891 
0.360155 
0.359418 
0.358682 
0.357946 
0.357211 
0.356476 
0.355741 
0.355007 
0.354273 
0.353539 
0.352806 
0.352073 
0.351340 
0.350608 
0.349876 
0.349144 
0.348413 
0.347682 
0.346952 
0.346221 
0.345491 
0.344762 
0.344033 
0.343304 
0.342576 
0.341848 
0.341120 
0.340393 
0.339666 
0.338940 
0.338214 
0.337488 
0.336763 
0.336038 
0.335313 
0.334589 
0.333865 
0.333142 
0.332419 
0.331696 
0.330974 
0.330252 
0.329531 
0.328810 
0.328089 
0.327369 
0.326649 
0.325930 
0.325211 
0.324492 
0.323774 
0.323056 
0.322339 
0.321622 
0.320906 
0.320189 
0.319474 
0.318759 
0.318044 
0.317329 
0.316616 
0.315902 
0.315189 
0.314476 
0.313764 
0.313052 
0.312341 
0.311630 
0.310920 
0.310210 
0.309500 
0.308791 
0.308083 
0.307374 
0.306667 
0.305959 
0.305253 
0.304546 
0.303840 
0.303135 
0.302430 
0.301725 
0.301021 
0.300318 
0.299615 
0.298912 
0.298210 
0.297508 
0.296807 
0.296106 
0.295406 
0.294706 
0.294007 
0.293308 
0.292610 
0.291912 
0.291215 
0.290518 
0.289821 
0.289126 
0.288430 
0.287735 
0.287041 
0.286347 
0.285654 
0.284961 
0.284269 
0.283577 
0.282885 
0.282194 
0.281504 
0.280814 
0.280125 
0.279436 
0.278748 
0.278061 
0.277373 
0.276687 
0.276000 
0.275315 
0.274630 
0.273945 
0.273261 
0.272578 
0.271895 
0.271212 
0.270530 
0.269849 
0.269168 
0.268488 
0.267808 
0.267129 
0.266450 
0.265773 
0.265095 
0.264418 
0.263741 
0.263066 
0.262390 
0.261716 
0.261041 
0.260368 
0.259695 
0.259022 
0.258350 
0.257679 
0.257008 
0.256338 
0.255668 
0.254999 
0.254331 
0.253663 
0.252996 
0.252329 
0.251663 
0.250997 
0.250332 
0.249668 
0.249004 
0.248341 
0.247678 
0.247016 
0.246355 
0.245694 
0.245034 
0.244374 
0.243715 
0.243057 
0.242399 
0.241742 
0.241085 
0.240429 
0.239773 
0.239119 
0.238465 
0.237811 
0.237158 
0.236506 
0.235854 
0.235203 
0.234553 
0.233903 
0.233254 
0.232605 
0.231957 
0.231310 
0.230663 
0.230017 
0.229372 
0.228727 
0.228083 
0.227439 
0.226796 
0.226154 
0.225513 
0.224872 
0.224232 
0.223592 
0.222953 
0.222315 
0.221677 
0.221040 
0.220404 
0.219768 
0.219133 
0.218499 
0.217865 
0.217232 
0.216599 
0.215968 
0.215337 
0.214706 
0.214076 
0.213447 
0.212819 
0.212191 
0.211564 
0.210938 
0.210313 
0.209688 
0.209063 
0.208440 
0.207817 
0.207195 
0.206573 
0.205952 
0.205332 
0.204713 
0.204094 
0.203476 
0.202858 
0.202242 
0.201626 
0.201011 
0.200396 
0.199782 
0.199169 
0.198557 
0.197945 
0.197334 
0.196724 
0.196114 
0.195505 
0.194897 
0.194290 
0.193683 
0.193077 
0.192472 
0.191867 
0.191263 
0.190660 
0.190058 
0.189456 
0.188855 
0.188255 
0.187656 
0.187057 
0.186459 
0.185862 
0.185265 
0.184670 
0.184074 
0.183480 
0.182887 
0.182294 
0.181702 
0.181111 
0.180520 
0.179930 
0.179341 
0.178753 
0.178166 
0.177579 
0.176993 
0.176408 
0.175823 
0.175240 
0.174657 
0.174074 
0.173493 
0.172912 
0.172333 
0.171753 
0.171175 
0.170597 
0.170021 
0.169445 
0.168870 
0.168295 
0.167721 
0.167149 
0.166577 
0.166005 
0.165435 
0.164865 
0.164296 
0.163728 
0.163160 
0.162594 
0.162028 
0.161463 
0.160899 
0.160336 
0.159773 
0.159211 
0.158650 
0.158090 
0.157531 
0.156972 
0.156414 
0.155857 
0.155301 
0.154746 
0.154192 
0.153638 
0.153085 
0.152533 
0.151982 
0.151431 
0.150882 
0.150333 
0.149785 
0.149238 
0.148691 
0.148146 
0.147601 
0.147057 
0.146514 
0.145972 
0.145431 
0.144891 
0.144351 
0.143812 
0.143274 
0.142737 
0.142201 
0.141665 
0.141130 
0.140597 
0.140064 
0.139532 
0.139000 
0.138470 
0.137940 
0.137412 
0.136884 
0.136357 
0.135831 
0.135306 
0.134781 
0.134258 
0.133735 
0.133213 
0.132692 
0.132172 
0.131653 
0.131135 
0.130617 
0.130101 
0.129585 
0.129070 
0.128556 
0.128043 
0.127531 
0.127019 
0.126509 
0.125999 
0.125490 
0.124983 
0.124476 
0.123970 
0.123464 
0.122960 
0.122456 
0.121954 
0.121452 
0.120952 
0.120452 
0.119953 
0.119455 
0.118958 
0.118461 
0.117966 
0.117471 
0.116978 
0.116485 
0.115993 
0.115502 
0.115013 
0.114523 
0.114035 
0.113548 
0.113062 
0.112576 
0.112092 
0.111608 
0.111125 
0.110644 
0.110163 
0.109683 
0.109204 
0.108726 
0.108249 
0.107772 
0.107297 
0.106823 
0.106349 
0.105877 
0.105405 
0.104934 
0.104464 
0.103996 
0.103528 
0.103061 
0.102595 
0.102130 
0.101665 
0.101202 
0.100740 
0.100279 
0.099818 
0.099359 
0.098900 
0.098443 
0.097986 
0.097530 
0.097076 
0.096622 
0.096169 
0.095717 
0.095266 
0.094816 
0.094367 
0.093919 
0.093472 
0.093026 
0.092581 
0.092136 
0.091693 
0.091251 
0.090809 
0.090369 
0.089930 
0.089491 
0.089054 
0.088617 
0.088182 
0.087747 
0.087313 
0.086881 
0.086449 
0.086018 
0.085589 
0.085160 
0.084732 
0.084305 
0.083879 
0.083454 
0.083031 
0.082608 
0.082186 
0.081765 
0.081345 
0.080926 
0.080508 
0.080091 
0.079675 
0.079260 
0.078846 
0.078433 
0.078021 
0.077610 
0.077200 
0.076791 
0.076383 
0.075976 
0.075570 
0.075165 
0.074761 
0.074358 
0.073956 
0.073555 
0.073155 
0.072756 
0.072358 
0.071961 
0.071565 
0.071170 
0.070776 
0.070383 
0.069991 
0.069600 
0.069210 
0.068821 
0.068433 
0.068046 
0.067660 
0.067275 
0.066891 
0.066509 
0.066127 
0.065746 
0.065366 
0.064988 
0.064610 
0.064233 
0.063857 
0.063483 
0.063109 
0.062737 
0.062365 
0.061995 
0.061625 
0.061257 
0.060889 
0.060523 
0.060157 
0.059793 
0.059430 
0.059068 
0.058706 
0.058346 
0.057987 
0.057629 
0.057272 
0.056916 
0.056561 
0.056207 
0.055854 
0.055502 
0.055152 
0.054802 
0.054453 
0.054106 
0.053759 
0.053413 
0.053069 
0.052726 
0.052383 
0.052042 
0.051702 
0.051362 
0.051024 
0.050687 
0.050351 
0.050016 
0.049682 
0.049349 
0.049017 
0.048687 
0.048357 
0.048028 
0.047701 
0.047374 
0.047049 
0.046725 
0.046401 
0.046079 
0.045758 
0.045438 
0.045119 
0.044801 
0.044484 
0.044168 
0.043854 
0.043540 
0.043227 
0.042916 
0.042605 
0.042296 
0.041988 
0.041680 
0.041374 
0.041069 
0.040765 
0.040463 
0.040161 
0.039860 
0.039560 
0.039262 
0.038964 
0.038668 
0.038373 
0.038079 
0.037785 
0.037493 
0.037203 
0.036913 
0.036624 
0.036336 
0.036050 
0.035764 
0.035480 
0.035197 
0.034914 
0.034633 
0.034353 
0.034074 
0.033796 
0.033520 
0.033244 
0.032970 
0.032696 
0.032424 
0.032153 
0.031883 
0.031614 
0.031346 
0.031079 
0.030813 
0.030549 
0.030285 
0.030023 
0.029761 
0.029501 
0.029242 
0.028984 
0.028727 
0.028472 
0.028217 
0.027963 
0.027711 
0.027460 
0.027209 
0.026960 
0.026713 
0.026466 
0.026220 
0.025975 
0.025732 
0.025489 
0.025248 
0.025008 
0.024769 
0.024531 
0.024294 
0.024059 
0.023824 
0.023591 
0.023358 
0.023127 
0.022897 
0.022668 
0.022440 
0.022214 
0.021988 
0.021764 
0.021540 
0.021318 
0.021097 
0.020877 
0.020658 
0.020441 
0.020224 
0.020009 
0.019794 
0.019581 
0.019369 
0.019158 
0.018948 
0.018740 
0.018532 
0.018326 
0.018121 
0.017917 
0.017714 
0.017512 
0.017311 
0.017112 
0.016913 
0.016716 
0.016520 
0.016325 
0.016131 
0.015938 
0.015747 
0.015556 
0.015367 
0.015179 
0.014992 
0.014806 
0.014621 
0.014437 
0.014255 
0.014074 
0.013894 
0.013714 
0.013537 
0.013360 
0.013184 
0.013010 
0.012837 
0.012664 
0.012493 
0.012324 
0.012155 
0.011987 
0.011821 
0.011656 
0.011492 
0.011329 
0.011167 
0.011006 
0.010847 
0.010688 
0.010531 
0.010375 
0.010220 
0.010066 
0.009914 
0.009762 
0.009612 
0.009463 
0.009315 
0.009168 
0.009022 
0.008878 
0.008735 
0.008592 
0.008451 
0.008312 
0.008173 
0.008035 
0.007899 
0.007764 
0.007629 
0.007497 
0.007365 
0.007234 
0.007105 
0.006976 
0.006849 
0.006723 
0.006599 
0.006475 
0.006352 
0.006231 
0.006111 
0.005992 
0.005874 
0.005757 
0.005642 
0.005528 
0.005414 
0.005302 
0.005192 
0.005082 
0.004973 
0.004866 
0.004760 
0.004655 
0.004551 
0.004448 
0.004347 
0.004246 
0.004147 
0.004049 
0.003952 
0.003857 
0.003762 
0.003669 
0.003577 
0.003486 
0.003396 
0.003307 
0.003220 
0.003133 
0.003048 
0.002964 
0.002881 
0.002800 
0.002719 
0.002640 
0.002562 
0.002485 
0.002409 
0.002334 
0.002261 
0.002188 
0.002117 
0.002047 
0.001979 
0.001911 
0.001845 
0.001779 
0.001715 
0.001652 
0.001591 
0.001530 
0.001471 
0.001412 
0.001355 
0.001300 
0.001245 
0.001191 
0.001139 
0.001088 
0.001038 
0.000989 
0.000941 
0.000895 
0.000850 
0.000806 
0.000763 
0.000721 
0.000680 
0.000641 
0.000603 
0.000565 
0.000530 
0.000495 
0.000461 
0.000429 
0.000398 
0.000368 
0.000339 
0.000311 
0.000285 
0.000260 
0.000235 
0.000212 
0.000191 
0.000170 
0.000151 
0.000132 
0.000115 
0.000099 
0.000085 
0.000071 
0.000059 
0.000048 
0.000038 
0.000029 
0.000021 
0.000015 
0.000009 
0.000005 
0.000002 
0.000001 
0.000000 
